year_x,country_name,life_ladder,quality_of_life_index,purchasing_power_index,crime_index,health_care_index,cost_of_living_index,pollution_index,log_gdp_per_capita,social_support,healthy_life_expectancy_at_birth,freedom_to_make_life_choices,perceptions_of_corruption,positive_affect,negative_affect,eys_year,mys_year
2022,Netherlands,7.39,196.7,107.8,27.3,77.1,68.6,23.7,10.981,0.929,71.625,0.868,0.459,0.711,0.198,18.58348083,12.58162975
2022,Denmark,7.545,194.7,105.0,26.6,79.2,78.6,21.3,10.994,0.97,71.375,0.93,0.203,0.787,0.205,18.77403069,12.96049023
2022,Switzerland,6.884,193.6,118.7,23.6,74.5,114.2,19.6,11.184,0.881,73.1,0.848,0.235,0.71,0.18,16.5837307,13.90406622
2022,Luxembourg,7.228,192.9,127.1,35.1,75.0,73.2,21.9,11.66,0.878,71.675,0.915,0.345,0.718,0.218,14.19705009,12.9600811
2022,Finland,7.729,190.5,98.8,26.8,77.1,67.5,12.0,10.814,0.974,71.225,0.959,0.19,0.741,0.191,19.22859001,12.92915501
2022,Iceland,7.449,187.5,90.1,24.9,67.0,83.3,15.2,10.935,0.985,72.075,0.936,0.692,0.768,0.178,19.10672951,13.76716995
2022,Austria,6.999,185.8,91.2,27.3,77.2,66.0,21.5,10.939,0.876,71.275,0.856,0.524,0.718,0.226,16.36746025,12.30571367
2022,Australia,7.035,183.0,110.9,45.5,75.3,75.3,25.4,10.854,0.942,71.125,0.854,0.545,0.711,0.244,21.0800209,12.72681999
2022,Norway,7.295,182.7,95.0,33.5,76.7,88.6,17.7,11.111,0.927,71.55,0.939,0.314,0.759,0.211,18.63846016,13.06234279
2022,Germany,6.608,179.0,107.6,37.6,71.9,62.9,28.8,10.899,0.916,71.5,0.895,0.417,0.668,0.201,17.34334946,14.25594044
2022,New Zealand,6.975,176.7,93.0,45.8,71.0,72.9,24.2,10.682,0.956,70.425,0.831,0.281,0.706,0.21,19.68234062,12.94468975
2022,Japan,6.178,176.3,100.4,23.1,80.3,64.6,39.2,10.636,0.899,74.475,0.789,0.643,0.67,0.165,15.45631981,12.66923046
2022,Sweden,7.431,175.8,101.2,48.5,68.6,62.9,18.0,10.913,0.949,72.275,0.939,0.213,0.75,0.163,19.03676987,12.67372015
2022,Spain,6.337,173.8,82.5,35.7,77.9,50.6,39.6,10.587,0.934,72.475,0.781,0.673,0.636,0.32,17.80905914,10.60540009
2022,United States,6.693,172.7,115.7,49.0,68.6,72.4,36.1,11.079,0.9,65.725,0.736,0.701,0.712,0.267,16.41274071,13.57549953
2022,Estonia,6.357,171.9,61.4,25.1,74.1,54.8,17.9,10.571,0.933,69.875,0.904,0.39,0.767,0.187,15.94297981,13.54843044
2022,Slovenia,6.723,169.3,61.7,24.2,65.3,50.8,22.7,10.644,0.942,71.225,0.93,0.762,0.625,0.242,17.40657997,12.88015724
2022,United Kingdom,6.722,166.4,98.9,46.9,74.1,61.5,40.4,10.754,0.863,70.4,0.857,0.426,0.723,0.27,17.6342907,13.4061203
2022,Portugal,5.953,163.8,51.7,31.5,71.5,45.3,30.6,10.487,0.862,71.375,0.903,0.893,0.638,0.316,16.82140923,9.575940132
2022,Czechia,6.695,163.6,71.8,26.6,75.5,48.9,35.3,10.656,0.944,69.175,0.908,0.831,0.743,0.246,16.3472805,12.91605342
2022,Croatia,5.579,163.2,56.2,24.6,63.9,46.7,32.0,10.458,0.91,69.125,0.593,0.875,0.573,0.267,15.57269955,12.32871821
2022,Canada,6.918,162.3,102.1,44.3,70.4,66.1,29.1,10.803,0.929,71.45,0.838,0.442,0.719,0.287,15.96065044,13.86876597
2022,Lithuania,7.038,161.5,56.7,33.0,73.2,48.8,25.7,10.602,0.937,67.75,0.71,0.685,0.471,0.132,16.39982986,13.49810028
2022,Belgium,6.857,157.3,94.5,49.1,75.2,65.6,50.1,10.878,0.923,71.05,0.89,0.483,0.718,0.235,18.94573975,12.52857789
2022,Ireland,6.87,154.0,82.6,45.9,51.8,70.5,34.8,11.625,0.906,71.4,0.895,0.358,0.738,0.234,19.12610054,11.6569568
2022,France,6.614,153.8,86.2,55.3,79.4,68.7,42.9,10.737,0.866,72.4,0.798,0.533,0.688,0.249,15.98756027,11.68859246
2022,Latvia,6.055,153.2,52.9,37.7,62.4,50.9,31.5,10.407,0.928,66.5,0.817,0.844,0.632,0.161,16.55606079,13.33330305
2022,Israel,7.662,148.4,80.5,32.6,73.5,76.4,57.4,10.692,0.954,72.85,0.775,0.655,0.583,0.183,15.02984047,13.44279092
2022,Italy,6.258,140.9,66.5,46.9,66.3,61.3,54.7,10.685,0.869,72.125,0.711,0.819,0.624,0.298,16.65806007,10.7401104
2022,Poland,6.666,139.9,64.0,29.2,57.6,38.6,54.5,10.509,0.886,69.225,0.8,0.667,0.594,0.14,15.93451977,13.1647501
2022,Hungary,5.861,134.3,53.1,33.9,54.4,39.2,47.7,10.484,0.937,67.65,0.776,0.848,0.628,0.25,15.07330036,12.24958992
2022,South Korea,5.95,133.0,85.5,25.5,83.0,70.4,62.3,10.726,0.81,73.925,0.723,0.747,0.585,0.233,16.50964928,12.61409234
2022,Romania,6.437,132.9,52.5,32.0,56.5,37.4,58.5,10.404,0.83,67.175,0.836,0.941,0.615,0.258,14.50753021,11.36019615
2022,Bulgaria,5.378,131.6,51.2,38.0,56.7,40.5,63.7,10.138,0.953,66.6,0.741,0.942,0.582,0.165,13.86802959,11.41318035
2022,Uruguay,6.671,131.4,38.4,52.7,68.4,59.9,43.9,10.084,0.905,67.5,0.878,0.631,0.775,0.267,17.35183907,9.058219782
2022,Greece,5.9,128.6,41.9,47.0,57.5,54.6,51.6,10.364,0.875,71.275,0.563,0.874,0.589,0.183,20.02638054,11.40853024
2022,Mexico,7.038,127.0,43.5,54.4,72.5,37.3,58.5,9.876,0.858,65.8,0.861,0.78,0.818,0.205,14.50529957,9.221050262
2022,Ecuador,5.887,122.0,37.0,59.4,69.5,35.1,58.4,9.29,0.825,69.25,0.759,0.866,0.777,0.356,14.86483955,8.969750404
2022,Panama,5.979,119.0,36.4,43.7,61.0,48.2,57.3,10.333,0.891,69.0,0.899,0.887,0.821,0.259,13.21381473,10.68696295
2022,Georgia,5.293,118.6,25.9,25.9,54.8,38.9,67.8,9.746,0.754,65.075,0.821,0.655,0.503,0.233,16.72682953,12.70217037
2022,India,3.93,117.9,64.6,44.6,65.1,22.4,73.0,8.85,0.608,61.2,0.893,0.771,0.596,0.432,12.58370972,6.570700169
2022,Jordan,4.356,116.8,38.0,41.0,64.9,46.8,76.4,9.134,0.774,67.6,0.759,0.715,0.521,0.435,12.62659427,10.44668007
2022,Ukraine,4.637,112.5,38.1,46.7,55.2,25.6,62.1,9.049,0.863,64.675,0.829,0.852,0.527,0.39,13.32800961,11.12330123
2022,Argentina,6.261,111.0,36.8,64.3,68.9,31.2,51.3,10.011,0.893,67.25,0.825,0.81,0.724,0.284,18.97950935,11.14408016
2022,North Macedonia,5.167,110.0,38.2,40.9,55.3,31.4,79.7,9.733,0.85,66.7,0.723,0.937,0.555,0.277,13.00483036,10.22815037
2022,Morocco,4.596,106.5,33.6,46.8,45.8,29.3,69.3,8.996,0.564,64.0,0.795,0.802,0.573,0.414,14.59442043,6.05
2022,Brazil,6.257,105.2,28.7,66.6,58.2,34.7,53.7,9.611,0.866,65.925,0.83,0.742,0.681,0.341,15.5788002,8.278307638
2022,Chile,6.415,102.0,37.3,58.1,64.4,44.1,77.9,10.154,0.887,70.45,0.793,0.796,0.775,0.253,16.76792908,11.11136804
2022,Kenya,4.448,101.4,32.8,57.0,61.8,32.4,69.2,8.499,0.691,58.9,0.706,0.878,0.725,0.281,11.38448201,7.686359882
2022,Colombia,5.892,101.2,31.1,60.2,67.9,23.1,63.1,9.66,0.877,69.525,0.799,0.863,0.762,0.306,14.43749046,8.862859726
2022,Thailand,6.007,100.5,33.2,38.7,77.9,40.7,75.3,9.777,0.867,68.525,0.881,0.868,0.773,0.218,15.58131027,8.834560711
2022,Indonesia,5.585,98.0,27.5,45.9,60.5,31.2,67.1,9.425,0.834,63.175,0.903,0.862,0.818,0.269,13.97573724,8.556509972
2022,Kazakhstan,6.006,97.6,38.1,52.7,59.9,28.1,73.1,10.187,0.923,66.2,0.883,0.72,0.652,0.132,14.81626987,12.43337895
2022,Vietnam,6.267,89.3,31.5,44.5,59.3,35.7,85.1,9.333,0.879,65.6,0.975,0.703,0.774,0.108,13.05294705,8.455348794
2022,Lebanon,2.352,88.9,22.7,46.2,63.2,65.8,89.4,9.428,0.535,66.225,0.45,0.883,0.298,0.43,12.05109224,8.602969077
2022,Peru,5.892,81.8,31.3,67.6,55.9,32.4,82.4,9.449,0.823,70.025,0.764,0.884,0.755,0.378,14.80487907,10.01696229
2022,Iran,4.977,73.8,21.1,49.9,52.3,35.2,75.3,9.638,0.8,66.75,0.57,0.766,0.521,0.466,14.11717033,10.74618321
2022,Bangladesh,3.408,70.1,26.9,62.6,42.3,26.6,85.1,8.743,0.404,64.675,0.865,0.617,0.394,0.448,11.94633007,7.379059792
2021,Switzerland,7.328,195.3,118.4,21.7,74.8,123.3,19.6,11.171,0.934,72.9,0.908,0.287,0.747,0.183,16.5837307,13.90406622
2021,Denmark,7.699,192.4,99.5,26.6,80.1,84.1,21.0,10.968,0.945,71.25,0.933,0.173,0.792,0.206,18.77403069,12.96049023
2021,Netherlands,7.314,185.4,88.0,27.9,75.6,75.7,25.1,10.944,0.919,71.55,0.856,0.397,0.714,0.201,18.58348083,12.58162975
2021,Finland,7.794,185.0,91.0,27.3,76.3,73.2,12.1,10.795,0.97,71.15,0.963,0.192,0.752,0.175,19.22859001,12.92915501
2021,Australia,7.112,183.8,104.6,43.8,78.1,77.7,23.9,10.815,0.92,71.05,0.912,0.454,0.74,0.235,21.0800209,12.72681999
2021,Iceland,7.565,182.3,77.1,23.5,66.4,94.9,15.8,10.889,0.98,72.05,0.923,0.664,0.806,0.159,19.10672951,13.76716995
2021,Germany,6.755,180.3,103.1,36.4,73.2,65.6,27.8,10.881,0.868,71.3,0.778,0.418,0.703,0.251,17.34334946,14.25594044
2021,Austria,7.08,179.2,77.3,26.1,76.7,71.0,21.7,10.899,0.863,71.15,0.795,0.501,0.722,0.259,16.36746025,12.30571367
2021,New Zealand,7.137,176.8,83.6,43.3,73.3,74.5,23.6,10.667,0.95,70.35,0.91,0.252,0.747,0.206,19.68234062,12.94468975
2021,Norway,7.362,176.4,83.1,33.8,76.8,100.9,17.9,11.092,0.948,71.5,0.936,0.263,0.769,0.207,18.63846016,13.06234279
2021,Sweden,7.439,175.3,98.1,49.0,68.7,71.7,18.3,10.89,0.932,72.15,0.953,0.191,0.763,0.19,19.03676987,12.67372015
2021,Estonia,6.554,174.2,63.5,23.8,73.3,53.7,19.7,10.564,0.946,69.65,0.926,0.441,0.761,0.176,15.94297981,13.54843044
2021,United States,6.959,170.7,106.3,48.2,69.1,70.1,35.3,11.061,0.92,65.85,0.816,0.687,0.74,0.277,16.41274071,13.57549953
2021,Japan,6.091,169.5,87.1,22.1,80.5,77.0,38.8,10.616,0.896,74.35,0.801,0.67,0.674,0.189,15.45631981,12.66923046
2021,Slovenia,6.761,169.0,59.5,22.7,65.2,53.9,22.9,10.598,0.955,71.05,0.851,0.754,0.643,0.261,17.40657997,12.88015724
2021,Spain,6.47,168.5,70.0,33.9,78.4,53.9,39.7,10.543,0.926,72.35,0.782,0.729,0.639,0.324,17.80905914,10.60540009
2021,Czechia,6.942,162.6,66.5,25.5,75.3,48.2,35.9,10.615,0.95,69.05,0.891,0.863,0.716,0.24,16.3472805,12.91605342
2021,Portugal,6.183,162.5,46.8,30.6,72.0,47.9,30.5,10.424,0.895,71.25,0.892,0.872,0.629,0.284,16.82140923,9.575940132
2021,Lithuania,6.865,161.8,58.7,33.3,71.9,45.6,26.7,10.579,0.928,67.4,0.707,0.878,0.667,0.191,16.39982986,13.49810028
2021,United Kingdom,6.867,161.7,88.8,46.5,74.8,69.7,40.2,10.714,0.854,70.3,0.815,0.448,0.684,0.266,17.6342907,13.4061203
2021,Canada,6.939,160.4,88.0,42.9,71.3,70.2,28.8,10.777,0.926,71.4,0.898,0.384,0.763,0.276,15.96065044,13.86876597
2021,Croatia,6.287,159.2,47.5,24.1,64.1,48.9,31.2,10.362,0.918,68.95,0.842,0.934,0.64,0.274,15.57269955,12.32871821
2021,France,6.656,156.7,85.4,52.4,80.2,74.1,42.4,10.714,0.915,72.3,0.837,0.561,0.685,0.268,15.98756027,11.68859246
2021,Ireland,6.828,154.5,82.3,45.5,52.3,76.1,34.8,11.538,0.85,71.3,0.846,0.36,0.733,0.245,19.12610054,11.6569568
2021,Belgium,6.882,151.9,79.7,45.4,75.5,72.6,50.1,10.854,0.915,70.9,0.823,0.523,0.687,0.26,18.94573975,12.52857789
2021,Singapore,6.587,151.6,91.3,27.6,71.1,84.0,33.3,11.571,0.876,73.8,0.879,0.145,0.697,0.16,16.90273094,11.92488003
2021,Slovakia,6.419,151.2,54.7,30.2,60.3,44.7,39.1,10.369,0.951,68.95,0.742,0.896,0.692,0.241,14.72154999,13.00719575
2021,Latvia,6.353,150.8,51.6,38.7,62.4,48.5,32.7,10.376,0.954,66.4,0.815,0.84,0.716,0.186,16.55606079,13.33330305
2021,Cyprus,6.269,147.1,57.3,32.1,52.0,59.0,56.9,10.638,0.855,72.8,0.718,0.876,0.641,0.275,16.24308968,12.44017029
2021,Israel,7.578,146.1,75.6,32.1,73.8,88.1,57.7,10.647,0.917,72.7,0.82,0.726,0.558,0.217,15.02984047,13.44279092
2021,Italy,6.467,141.1,61.7,45.2,66.8,66.5,54.1,10.644,0.886,72.05,0.703,0.862,0.634,0.318,16.65806007,10.7401104
2021,Poland,5.978,140.0,60.0,29.8,57.8,39.0,54.7,10.461,0.936,69.05,0.732,0.744,0.7,0.277,15.93451977,13.1647501
2021,Hungary,6.227,137.1,52.0,34.3,53.4,40.7,47.9,10.422,0.948,67.5,0.727,0.832,0.668,0.192,15.07330036,12.24958992
2021,South Africa,5.599,136.0,78.4,76.1,64.0,42.1,56.6,9.496,0.922,57.25,0.704,0.892,0.784,0.173,14.26364994,11.60696983
2021,Romania,6.549,133.4,48.1,28.8,56.2,35.2,58.6,10.335,0.835,67.05,0.871,0.928,0.674,0.264,14.50753021,11.36019615
2021,Bulgaria,5.422,130.1,46.0,38.7,56.4,38.4,64.3,10.102,0.884,66.5,0.841,0.891,0.647,0.253,13.86802959,11.41318035
2021,Greece,6.104,129.2,39.7,47.4,57.3,56.2,51.9,10.294,0.85,71.15,0.574,0.752,0.624,0.311,20.02638054,11.40853024
2021,Bosnia and Herzegovina,5.749,127.1,44.1,42.2,54.3,36.1,60.9,9.659,0.86,67.3,0.759,0.921,0.604,0.305,13.2767601,10.53631973
2021,South Korea,6.113,125.0,76.9,26.5,82.7,73.2,62.4,10.697,0.811,73.65,0.717,0.685,0.566,0.221,16.50964928,12.61409234
2021,Mexico,5.991,124.9,38.6,53.7,72.8,35.3,58.5,9.857,0.779,65.8,0.837,0.745,0.75,0.305,14.50529957,9.221050262
2021,Turkiye,4.367,124.1,32.9,39.7,70.8,28.3,65.5,10.357,0.736,68.75,0.447,0.81,0.297,0.471,19.68494987,8.811284129
2021,Uruguay,6.502,122.3,30.1,51.4,68.4,52.1,45.2,10.035,0.914,67.5,0.899,0.606,0.746,0.263,17.35183907,9.058219782
2021,Costa Rica,6.408,122.1,39.9,53.9,62.7,47.0,44.7,9.962,0.876,70.0,0.887,0.782,0.774,0.318,16.09200378,8.804059982
2021,Georgia,4.911,121.1,31.1,24.3,54.2,30.2,69.3,9.648,0.671,64.95,0.777,0.723,0.51,0.24,16.58107948,12.74218686
2021,Ecuador,5.435,118.8,31.8,57.2,69.3,37.3,58.2,9.275,0.786,69.0,0.821,0.775,0.742,0.403,14.86483955,9.113010406
2021,Malaysia,6.01,118.0,55.3,55.7,70.1,37.0,62.1,10.179,0.794,65.65,0.878,0.769,0.728,0.183,12.93247032,10.74828052
2021,Serbia,6.245,117.2,37.8,38.3,52.5,36.2,62.9,9.895,0.89,67.15,0.85,0.806,0.568,0.311,14.48408985,11.5047611
2021,Tunisia,4.499,114.6,27.8,44.3,56.5,27.9,70.8,9.249,0.711,67.0,0.591,0.933,0.451,0.336,14.61953746,7.953393173
2021,Panama,6.553,114.3,33.1,43.9,61.1,51.4,58.7,10.276,0.899,68.9,0.811,0.861,0.834,0.218,13.21381473,10.68696295
2021,Jordan,3.909,113.9,31.3,40.2,65.6,49.2,76.3,9.129,0.703,67.6,0.773,0.656,0.48,0.429,12.62659427,10.44668007
2021,Ukraine,5.311,111.9,37.2,46.9,54.3,30.7,62.9,9.468,0.879,64.55,0.77,0.922,0.575,0.25,13.32800961,11.12330123
2021,India,3.558,111.0,49.7,44.6,65.7,24.4,73.1,8.794,0.57,60.9,0.866,0.757,0.547,0.429,12.00971031,6.532790184
2021,North Macedonia,5.535,109.6,35.4,40.9,55.8,31.4,79.7,9.709,0.809,66.5,0.793,0.884,0.563,0.303,13.00483036,10.22815037
2021,Malta,6.444,109.5,44.2,40.8,45.6,67.8,81.0,10.707,0.897,71.6,0.889,0.753,0.635,0.375,15.86133957,12.21026039
2021,Morocco,5.326,107.5,34.4,49.1,46.7,33.8,69.3,8.994,0.505,63.9,0.762,0.817,0.554,0.341,14.03929996,6.05
2021,Brazil,6.01,107.0,27.8,67.0,57.8,33.2,53.8,9.588,0.814,65.75,0.792,0.739,0.662,0.407,15.5788002,8.278307638
2021,Argentina,5.908,105.4,30.7,64.1,69.3,34.7,51.2,9.977,0.882,67.2,0.819,0.816,0.685,0.345,18.97950935,11.14408016
2021,Colombia,5.29,103.5,28.9,57.7,67.2,26.7,63.0,9.592,0.793,69.35,0.775,0.831,0.752,0.348,14.43749046,8.862859726
2021,Pakistan,4.487,102.6,26.6,42.0,59.6,19.9,73.7,8.563,0.608,57.45,0.764,0.743,0.518,0.307,7.89510849,4.422319019
2021,Thailand,5.638,101.0,31.6,39.3,77.6,43.2,75.5,9.745,0.883,68.45,0.836,0.943,0.719,0.298,15.58131027,8.834560711
2021,Chile,6.436,100.1,33.3,54.0,64.0,43.9,78.5,10.144,0.891,70.3,0.803,0.859,0.735,0.221,16.76792908,11.11136804
2021,Lebanon,2.179,99.3,35.1,46.9,62.7,69.6,89.3,9.471,0.507,66.15,0.423,0.905,0.263,0.569,12.05109224,8.602969077
2021,Kazakhstan,6.26,93.8,32.2,53.4,60.0,28.7,73.4,10.17,0.906,65.8,0.807,0.782,0.663,0.122,14.81626987,12.43337895
2021,Kenya,4.465,92.5,32.2,56.2,63.4,33.9,69.3,8.465,0.702,58.5,0.678,0.841,0.745,0.253,11.38448201,7.686359882
2021,Indonesia,5.433,90.4,21.1,46.1,60.4,35.9,67.2,9.381,0.817,63.05,0.885,0.845,0.799,0.273,13.97573724,8.556509972
2021,Vietnam,5.54,90.0,29.4,45.8,58.9,37.5,85.5,9.271,0.799,65.5,0.897,0.798,0.651,0.28,13.05294705,8.455348794
2021,Egypt,4.026,89.9,21.5,46.6,47.0,29.5,83.6,9.356,0.717,63.5,0.704,0.58,0.387,0.325,12.91180992,9.84810224
2021,Philippines,5.965,83.7,21.5,42.3,67.5,37.1,73.4,8.999,0.778,62.05,0.905,0.721,0.79,0.323,12.78335953,8.971409559
2021,Peru,5.694,80.4,28.2,67.1,56.2,32.5,82.9,9.435,0.819,69.85,0.812,0.88,0.784,0.369,14.80487907,10.01696229
2021,Sri Lanka,4.103,67.9,19.3,41.2,72.1,31.3,60.2,9.502,0.812,67.2,0.771,0.849,0.733,0.312,13.64182201,11.24960995
2021,Bangladesh,4.123,67.6,25.3,63.4,42.3,33.1,85.0,8.685,0.485,64.55,0.893,0.746,0.504,0.448,11.94633007,7.379059792
2021,Iran,4.788,64.9,18.0,49.1,52.3,37.4,75.4,9.616,0.771,66.6,0.609,0.761,0.518,0.427,14.11717033,10.74618321
2021,Nigeria,4.479,52.4,9.3,63.8,48.5,30.5,88.3,8.502,0.742,55.05,0.726,0.912,0.666,0.188,10.51407,7.585969925
2020,Switzerland,7.508,190.8,111.0,21.3,74.5,131.7,20.1,11.137,0.946,72.7,0.917,0.28,0.73,0.193,16.43366051,13.90406622
2020,Denmark,7.515,190.0,94.7,26.7,80.0,91.7,20.4,10.924,0.947,71.125,0.938,0.214,0.753,0.227,18.64031982,12.96049023
2020,Netherlands,7.504,183.3,83.9,27.2,75.8,78.6,25.3,10.902,0.944,71.475,0.935,0.281,0.691,0.247,18.41262054,12.58162975
2020,Finland,7.889,182.8,89.1,27.0,76.4,77.5,11.9,10.767,0.962,71.075,0.962,0.164,0.748,0.193,19.04858017,12.92915501
2020,Austria,7.213,182.4,78.2,25.2,78.4,75.5,19.2,10.859,0.925,71.025,0.912,0.464,0.716,0.206,16.12446976,12.30571367
2020,Australia,7.137,181.5,99.3,42.4,77.7,84.1,23.5,10.794,0.937,70.975,0.905,0.491,0.726,0.205,20.93943977,12.72681999
2020,Iceland,7.575,179.1,71.9,24.1,65.7,96.8,16.2,10.862,0.983,72.025,0.949,0.644,0.808,0.172,18.23974037,13.76716995
2020,Germany,7.312,176.8,93.7,35.4,73.8,70.6,27.5,10.856,0.905,71.1,0.864,0.424,0.698,0.206,17.22598076,14.25594044
2020,New Zealand,7.257,175.8,81.4,42.3,73.6,79.1,23.8,10.637,0.952,70.275,0.918,0.283,0.796,0.209,19.1901207,12.94468975
2020,Norway,7.29,173.6,79.4,33.4,75.5,106.1,18.1,11.06,0.956,71.45,0.965,0.271,0.777,0.216,18.3110199,13.06234279
2020,Estonia,6.453,173.6,61.2,23.4,72.8,56.5,19.0,10.488,0.958,69.425,0.954,0.398,0.762,0.188,15.77509975,13.54843044
2020,Sweden,7.314,171.4,90.6,47.2,68.8,79.2,18.4,10.846,0.936,72.025,0.951,0.203,0.717,0.222,18.65209007,12.67372015
2020,Slovenia,6.462,168.2,56.1,21.8,65.3,59.4,22.7,10.521,0.953,70.875,0.958,0.797,0.575,0.314,17.26226997,12.88015724
2020,United States,7.028,167.0,102.6,47.7,69.0,71.9,38.9,11.005,0.937,65.975,0.85,0.678,0.722,0.295,16.62663078,13.68342972
2020,Spain,6.502,164.5,62.7,33.1,78.8,59.1,39.6,10.49,0.935,72.225,0.783,0.73,0.671,0.317,17.4695797,10.60540009
2020,Japan,6.118,162.3,76.5,22.0,80.7,87.8,39.4,10.595,0.887,74.225,0.806,0.609,0.681,0.186,15.45631981,12.66923046
2020,Portugal,5.768,161.9,45.0,29.9,71.9,52.9,29.6,10.374,0.875,71.125,0.913,0.867,0.614,0.383,16.66860962,9.575940132
2020,Lithuania,6.391,160.0,54.6,33.8,71.0,47.7,27.0,10.523,0.953,67.05,0.824,0.829,0.626,0.202,16.37162018,13.49810028
2020,Canada,7.025,160.0,82.8,41.2,71.8,70.1,28.1,10.738,0.931,71.35,0.887,0.434,0.738,0.307,15.94466972,13.86876597
2020,United Kingdom,6.798,159.0,82.6,45.3,74.9,71.0,40.2,10.645,0.929,70.2,0.885,0.49,0.717,0.225,17.16798019,13.4061203
2020,Czechia,6.897,156.3,56.4,25.3,75.4,49.2,36.3,10.562,0.964,68.925,0.906,0.884,0.748,0.29,16.1389904,12.91605342
2020,Croatia,6.508,156.1,43.1,24.9,64.2,56.4,30.6,10.202,0.923,68.775,0.837,0.961,0.681,0.286,15.48550987,12.32871821
2020,Belgium,6.839,150.9,76.5,44.2,75.2,78.5,50.3,10.799,0.904,70.75,0.767,0.634,0.619,0.26,19.27527046,12.52857789
2020,Ireland,7.035,150.9,73.8,45.0,52.8,83.1,33.6,11.42,0.96,71.2,0.882,0.356,0.753,0.246,18.83966064,11.6569568
2020,France,6.714,150.7,74.1,49.2,81.0,80.6,41.8,10.651,0.947,72.2,0.823,0.565,0.69,0.231,15.9334898,11.68859246
2020,Slovakia,6.519,149.7,50.4,29.7,60.9,49.1,39.1,10.337,0.954,68.725,0.762,0.901,0.695,0.274,14.56892014,13.00719575
2020,Latvia,6.229,147.6,45.9,37.2,62.2,52.9,33.9,10.328,0.928,66.3,0.82,0.809,0.674,0.202,16.49007988,13.33330305
2020,Israel,7.195,144.1,70.4,31.2,73.8,86.6,58.4,10.58,0.959,72.55,0.831,0.748,0.564,0.243,14.8323698,13.44279092
2020,Cyprus,6.26,144.1,52.3,32.0,52.7,64.0,56.8,10.583,0.806,72.6,0.763,0.816,0.671,0.284,16.22817039,12.44017029
2020,Italy,6.488,138.6,58.7,44.4,66.8,73.1,53.9,10.573,0.89,71.975,0.718,0.844,0.614,0.311,16.53091049,10.7401104
2020,Hungary,6.038,134.0,49.8,34.8,51.6,42.7,47.8,10.349,0.943,67.35,0.771,0.836,0.662,0.24,15.05834961,12.24958992
2020,Poland,6.139,132.6,47.1,29.3,58.3,42.0,54.3,10.39,0.953,68.875,0.767,0.787,0.677,0.329,15.84399033,13.1647501
2020,South Africa,4.947,132.2,72.9,77.1,63.9,41.7,57.0,9.458,0.891,56.725,0.757,0.912,0.761,0.294,13.98349953,10.55465984
2020,Romania,6.785,131.7,45.2,28.3,56.1,38.5,58.4,10.277,0.869,66.925,0.863,0.918,0.668,0.256,14.46557045,11.36019615
2020,South Korea,5.793,130.0,76.6,26.9,82.3,81.2,61.8,10.655,0.808,73.375,0.711,0.665,0.55,0.247,16.37731934,12.61409234
2020,Greece,5.788,129.9,38.9,44.1,57.0,61.0,51.9,10.207,0.779,71.025,0.565,0.764,0.629,0.322,19.67380905,11.40853024
2020,Bulgaria,5.598,126.3,40.3,38.1,56.1,40.9,64.5,10.021,0.916,66.4,0.818,0.901,0.642,0.221,14.03666973,11.41318035
2020,Turkiye,4.862,126.0,35.3,39.5,70.7,31.5,66.2,10.257,0.857,68.575,0.51,0.774,0.332,0.44,19.29534912,8.811284129
2020,Bosnia and Herzegovina,5.516,125.7,42.6,43.0,53.5,38.6,60.7,9.572,0.899,67.25,0.74,0.916,0.602,0.325,13.25508976,10.53631973
2020,Uruguay,6.31,124.6,30.6,51.2,67.7,51.1,45.7,9.991,0.921,67.5,0.908,0.491,0.721,0.265,16.5159893,9.058219782
2020,Costa Rica,6.338,121.7,39.0,55.3,62.9,50.6,44.1,9.895,0.834,70.0,0.889,0.772,0.759,0.35,16.09200378,8.804059982
2020,Mexico,5.964,120.3,35.5,55.0,72.5,35.1,61.2,9.816,0.779,65.8,0.873,0.778,0.745,0.292,14.82310009,9.221050262
2020,Georgia,5.123,118.9,25.7,22.6,53.8,28.0,69.7,9.544,0.718,64.825,0.764,0.583,0.573,0.295,16.27112961,12.78220336
2020,Ecuador,5.354,118.8,30.5,54.4,68.8,40.1,58.3,9.245,0.804,68.75,0.829,0.855,0.755,0.416,14.86483955,8.817119598
2020,Malaysia,6.014,116.9,56.1,57.9,69.6,39.5,62.6,10.159,0.797,65.675,0.878,0.747,0.721,0.288,12.95814991,10.74828052
2020,Serbia,6.042,116.2,35.8,38.3,51.6,39.2,61.2,9.813,0.852,67.025,0.843,0.824,0.579,0.358,14.48388004,11.5047611
2020,Argentina,5.901,110.5,34.6,63.3,68.6,37.9,50.7,9.888,0.897,67.15,0.823,0.816,0.679,0.342,18.36116028,11.14408016
2020,North Macedonia,5.054,108.5,32.0,38.6,56.5,34.1,80.0,9.667,0.75,66.3,0.787,0.877,0.542,0.365,12.81177998,10.22815037
2020,Ukraine,5.27,107.4,30.1,48.3,53.4,29.2,64.3,9.426,0.885,64.425,0.784,0.946,0.629,0.285,13.58794975,11.12330123
2020,Pakistan,4.624,105.1,27.3,43.9,60.5,21.6,73.4,8.518,0.594,57.175,0.767,0.833,0.47,0.376,7.89510849,4.422319019
2020,Brazil,6.11,104.7,28.7,67.8,57.3,31.8,54.5,9.548,0.831,65.575,0.786,0.729,0.653,0.389,15.44596004,8.278307638
2020,India,4.224,104.5,47.1,44.7,66.2,25.2,79.6,8.718,0.616,60.6,0.906,0.78,0.686,0.383,11.72447014,6.494880199
2020,Morocco,4.803,104.4,32.2,49.1,45.8,36.9,70.4,8.929,0.553,63.8,0.819,0.803,0.548,0.256,13.92945957,6.05
2020,Colombia,5.709,101.3,26.1,55.8,66.7,31.0,62.9,9.502,0.797,69.175,0.84,0.808,0.759,0.34,14.3924799,8.862859726
2020,Thailand,5.885,100.3,31.4,39.4,78.1,49.3,75.4,9.732,0.867,68.375,0.84,0.918,0.77,0.326,15.58131027,8.834560711
2020,Chile,6.151,99.9,33.3,52.1,63.7,49.3,79.0,10.044,0.888,70.15,0.781,0.812,0.753,0.336,16.34049988,11.11136804
2020,Kazakhstan,6.168,96.4,34.9,54.0,60.1,29.8,72.6,10.141,0.966,65.4,0.872,0.661,0.62,0.15,14.81626987,12.43337895
2020,Lebanon,2.634,94.5,29.5,47.0,63.3,75.9,89.3,9.531,0.547,66.075,0.552,0.884,0.352,0.482,12.05109224,8.602969077
2020,Indonesia,4.828,90.1,20.9,46.2,60.5,37.4,67.1,9.351,0.751,62.925,0.853,0.914,0.742,0.351,13.97573724,8.556509972
2020,Vietnam,5.462,88.4,27.3,46.1,58.3,38.0,85.9,9.254,0.765,65.4,0.945,0.791,0.699,0.286,13.05294705,8.455348794
2020,Peru,4.994,83.3,28.8,66.6,56.4,36.3,82.7,9.322,0.749,69.675,0.806,0.912,0.736,0.481,14.80487907,10.01696229
2020,Sri Lanka,4.778,79.8,20.8,41.2,72.6,31.3,59.9,9.48,0.842,67.1,0.803,0.768,0.758,0.285,13.64182201,10.82730007
2020,Philippines,5.08,78.4,19.7,42.2,67.1,40.7,74.1,8.958,0.781,62.025,0.932,0.744,0.793,0.327,12.78335953,8.971409559
2020,Kenya,4.547,75.8,27.7,61.4,55.8,36.3,75.9,8.411,0.674,58.1,0.702,0.837,0.738,0.297,11.38448201,7.686359882
2020,Bangladesh,5.28,65.3,24.1,64.2,42.7,33.3,84.9,8.629,0.739,64.425,0.777,0.742,0.485,0.332,11.94633007,7.379059792
2020,Iran,4.865,64.7,19.0,49.2,52.2,41.3,76.1,9.577,0.757,66.45,0.6,0.71,0.505,0.47,14.11717033,10.74618321
2020,Nigeria,5.503,52.0,9.8,63.9,48.9,29.7,87.3,8.49,0.739,54.725,0.713,0.913,0.737,0.316,10.32213749,7.388969898
2019,Denmark,7.693,192.7,100.9,25.1,80.0,83.0,21.3,10.948,0.958,71.0,0.963,0.174,0.797,0.181,18.62013054,12.91060019
2019,Switzerland,7.694,192.0,119.5,21.6,72.4,122.4,22.4,11.168,0.949,72.5,0.913,0.294,0.743,0.171,16.3445797,13.85966015
2019,Finland,7.78,190.2,99.9,23.3,75.8,70.3,11.5,10.791,0.937,71.0,0.948,0.195,0.732,0.181,19.04310989,12.87362003
2019,Australia,7.234,186.2,107.3,41.4,77.4,73.5,23.5,10.807,0.943,70.9,0.918,0.43,0.727,0.202,21.37561989,12.65668964
2019,Netherlands,7.425,183.7,90.7,27.6,74.6,73.7,27.4,10.947,0.941,71.4,0.886,0.36,0.728,0.231,18.37341499,12.4523201
2019,Austria,7.195,182.5,82.4,23.7,78.7,70.4,22.2,10.93,0.964,70.9,0.903,0.457,0.727,0.205,16.07625008,12.25669003
2019,Iceland,7.533,181.7,79.4,23.4,65.9,100.5,16.2,10.949,0.982,72.0,0.959,0.699,0.787,0.178,18.23498917,13.72735977
2019,New Zealand,7.205,181.0,92.7,40.9,73.8,72.5,23.4,10.672,0.939,70.2,0.912,0.234,0.765,0.191,19.4722805,13.04222727
2019,Germany,7.035,179.8,102.4,34.8,73.3,65.3,29.0,10.894,0.886,70.9,0.885,0.462,0.712,0.226,17.22438049,14.16666031
2019,Estonia,6.035,177.8,71.3,23.1,72.7,50.9,19.8,10.496,0.934,69.2,0.887,0.576,0.738,0.156,15.74028969,13.60237026
2019,Sweden,7.398,175.9,101.7,47.1,69.2,69.8,18.1,10.875,0.934,71.9,0.942,0.25,0.775,0.202,18.52235985,12.60972023
2019,Norway,7.442,175.2,88.4,35.4,74.4,101.4,20.3,11.073,0.942,71.4,0.954,0.271,0.782,0.195,18.23535919,13.00362968
2019,Slovenia,6.665,172.2,66.3,21.1,64.6,53.4,24.1,10.572,0.949,70.7,0.945,0.785,0.622,0.228,17.32518959,12.80368042
2019,United States,6.944,172.1,109.5,47.2,69.3,71.1,36.9,11.043,0.917,66.1,0.836,0.707,0.755,0.244,16.63553047,13.59252501
2019,Spain,6.457,169.8,72.0,32.0,78.9,53.8,40.0,10.615,0.949,72.1,0.778,0.73,0.636,0.316,17.50081062,10.37387514
2019,Japan,5.908,168.0,87.3,20.7,81.1,83.3,39.6,10.638,0.878,74.1,0.806,0.617,0.693,0.194,15.44126987,12.65529737
2019,Canada,7.109,163.5,95.1,39.7,71.6,67.6,27.8,10.803,0.925,71.3,0.912,0.436,0.781,0.285,15.93334007,13.83442722
2019,Portugal,6.095,162.9,49.4,29.6,71.9,49.5,30.9,10.462,0.876,71.0,0.882,0.915,0.675,0.3,16.60087013,9.327420235
2019,United Kingdom,7.157,162.7,91.7,43.7,74.5,67.3,40.6,10.766,0.943,70.1,0.854,0.485,0.739,0.251,17.17925072,13.32452361
2019,Lithuania,6.064,159.4,57.8,33.1,69.5,44.3,28.8,10.524,0.918,66.7,0.78,0.783,0.568,0.276,16.48349953,13.39486345
2019,Croatia,5.626,159.0,50.4,24.7,62.7,49.7,30.5,10.287,0.936,68.6,0.739,0.932,0.504,0.269,15.46242046,12.19108434
2019,France,6.69,153.9,80.4,46.8,80.0,74.1,43.6,10.735,0.958,72.1,0.827,0.568,0.693,0.25,15.86798954,11.61005974
2019,Ireland,7.255,153.5,80.9,45.4,51.9,75.9,34.0,11.37,0.944,71.1,0.892,0.373,0.758,0.223,18.94522095,11.58222303
2019,Belgium,6.772,153.5,86.3,44.0,74.3,71.8,52.9,10.859,0.884,70.6,0.776,0.672,0.699,0.244,19.56838989,12.37567997
2019,Slovakia,6.243,152.5,56.9,29.2,60.0,44.5,39.7,10.373,0.933,68.5,0.771,0.926,0.676,0.252,14.5240097,12.91141987
2019,Latvia,5.97,150.0,52.5,37.0,62.9,47.9,33.7,10.343,0.936,66.2,0.698,0.789,0.537,0.212,16.54171944,13.25271988
2019,Israel,7.332,149.9,78.1,29.6,73.3,81.2,57.2,10.617,0.946,72.4,0.834,0.743,0.598,0.266,14.78419018,13.3448664
2019,Cyprus,6.137,147.9,57.4,30.0,51.8,57.9,53.6,10.639,0.776,72.4,0.74,0.865,0.663,0.29,16.0143795,12.36152506
2019,Singapore,6.378,144.4,89.0,30.6,70.8,81.1,33.5,11.496,0.925,73.6,0.938,0.07,0.674,0.138,16.74119949,11.85017014
2019,Poland,6.242,141.8,59.6,28.5,61.0,40.0,54.5,10.409,0.878,68.7,0.883,0.696,0.613,0.168,15.87380981,13.12476754
2019,Italy,6.445,140.8,65.6,44.3,66.6,67.3,55.6,10.663,0.838,71.9,0.709,0.866,0.569,0.328,16.37994003,10.65328026
2019,South Korea,5.903,139.0,85.2,28.0,82.0,78.2,62.5,10.663,0.783,73.1,0.706,0.718,0.593,0.236,16.37698936,12.51293027
2019,Belarus,5.821,134.8,37.0,25.0,59.0,34.7,43.6,9.867,0.917,66.0,0.657,0.546,0.559,0.19,14.40011024,12.14358044
2019,Greece,5.952,133.1,43.7,40.3,56.2,55.7,52.5,10.3,0.891,70.9,0.614,0.848,0.56,0.236,19.66389084,11.11997271
2019,Romania,6.13,132.4,48.9,27.6,55.1,35.3,58.4,10.309,0.842,66.8,0.848,0.954,0.605,0.244,14.41685963,11.27511978
2019,South Africa,5.035,132.0,73.6,77.5,64.1,42.9,57.3,9.536,0.848,56.2,0.738,0.82,0.727,0.268,14.21393013,11.37316036
2019,Bulgaria,5.108,129.8,49.4,38.5,55.4,36.7,65.3,10.055,0.948,66.3,0.822,0.943,0.577,0.2,14.25417042,11.35635344
2019,Hungary,6.0,128.2,47.6,35.1,47.8,40.9,48.3,10.394,0.947,67.2,0.798,0.884,0.653,0.18,15.03030014,12.15954494
2019,Turkiye,4.872,127.1,40.8,39.5,69.8,34.7,67.4,10.245,0.792,68.4,0.631,0.76,0.347,0.368,19.18523026,8.63313961
2019,Uruguay,6.6,126.0,37.5,53.8,66.3,51.0,44.8,10.054,0.933,67.5,0.903,0.599,0.764,0.222,16.45783043,8.982549667
2019,Ecuador,5.809,125.1,36.1,50.9,70.6,41.0,57.0,9.341,0.808,68.5,0.83,0.839,0.75,0.374,14.46730995,8.800052961
2019,Bosnia and Herzegovina,6.016,121.9,41.8,43.0,52.3,36.0,62.3,9.591,0.873,67.2,0.722,0.963,0.545,0.238,13.44087029,10.17434978
2019,Chile,5.942,119.8,42.5,45.2,65.4,43.6,65.8,10.119,0.869,70.0,0.659,0.86,0.741,0.337,16.64357948,10.9349663
2019,Mexico,6.432,118.5,41.8,54.0,70.1,35.7,66.1,9.907,0.852,65.8,0.903,0.809,0.803,0.252,14.9456501,9.077120304
2019,Malaysia,5.428,118.4,64.5,58.8,68.1,39.1,63.2,10.228,0.842,65.7,0.916,0.782,0.735,0.176,13.0999403,10.64505959
2019,Serbia,6.241,116.3,36.7,37.4,51.3,35.7,60.3,9.815,0.903,66.9,0.753,0.813,0.474,0.242,14.72663021,11.36987019
2019,Georgia,4.892,115.9,24.9,20.2,51.2,28.5,71.1,9.615,0.675,64.7,0.811,0.647,0.503,0.244,16.34345055,12.82221985
2019,Argentina,6.086,115.3,47.2,61.8,69.3,33.0,50.7,10.002,0.896,67.1,0.817,0.83,0.735,0.319,18.08637047,11.12439013
2019,North Macedonia,5.015,110.5,37.2,38.7,56.4,31.6,80.2,9.728,0.815,66.1,0.725,0.923,0.515,0.304,12.82404995,10.9567852
2019,India,3.249,108.6,54.3,43.3,67.1,24.6,78.9,8.796,0.561,60.3,0.876,0.752,0.56,0.466,11.35159016,6.281380177
2019,Panama,6.086,108.4,34.2,47.2,59.9,54.2,63.1,10.359,0.886,68.7,0.883,0.869,0.841,0.244,13.163254,10.54059029
2019,Lebanon,4.024,106.6,44.5,43.4,64.4,60.5,88.4,9.751,0.866,66.0,0.447,0.89,0.308,0.494,12.08767695,8.584109341
2019,Colombia,6.35,105.8,31.1,54.8,67.2,30.7,62.8,9.59,0.873,69.0,0.822,0.854,0.791,0.322,14.52388,8.643030167
2019,Brazil,6.451,105.6,32.8,68.9,56.3,40.2,55.0,9.595,0.899,65.4,0.83,0.762,0.701,0.337,15.44937038,8.128813955
2019,Morocco,5.057,105.5,35.2,48.7,45.7,34.3,70.6,9.014,0.535,63.7,0.757,0.757,0.535,0.41,13.70191002,5.916
2019,Pakistan,4.443,105.4,30.6,44.1,60.6,22.0,74.3,8.548,0.617,56.9,0.685,0.776,0.489,0.424,7.635359764,4.536330223
2019,Ukraine,4.702,104.8,31.8,48.9,52.3,33.2,65.1,9.458,0.883,64.3,0.715,0.885,0.549,0.201,13.71247959,11.13142043
2019,Thailand,6.022,101.9,35.5,40.5,77.9,49.8,75.1,9.798,0.903,68.3,0.898,0.877,0.792,0.208,15.78530264,8.697119713
2019,Indonesia,5.347,97.5,25.1,45.8,60.5,37.3,66.6,9.381,0.802,62.8,0.866,0.861,0.8,0.302,13.88083645,8.359274864
2019,Kazakhstan,6.272,88.3,38.4,62.0,50.7,30.6,75.1,10.179,0.951,65.0,0.852,0.708,0.711,0.139,14.58216,12.32121841
2019,Vietnam,5.467,87.5,28.1,45.3,57.7,38.3,86.5,9.235,0.848,65.3,0.952,0.788,0.658,0.186,12.99797023,8.370280266
2019,Peru,5.999,85.5,34.0,68.2,56.2,38.7,84.1,9.452,0.809,69.5,0.815,0.874,0.794,0.375,14.70109703,9.885518863
2019,Philippines,6.268,85.4,23.5,42.2,67.5,37.6,74.3,9.075,0.845,62.0,0.91,0.748,0.765,0.341,13.03676033,8.969099998
2019,Sri Lanka,4.213,85.2,24.5,40.2,72.5,31.6,59.1,9.521,0.815,67.0,0.824,0.863,0.753,0.315,13.61195354,10.63134003
2019,Iran,5.006,74.1,22.7,49.3,51.7,39.0,77.4,9.553,0.698,66.3,0.623,0.728,0.525,0.449,14.22465007,10.63645314
2019,Kenya,4.619,70.6,27.3,61.7,55.6,40.2,76.6,8.434,0.676,57.7,0.818,0.794,0.728,0.251,11.29488829,7.994659901
2019,Bangladesh,5.114,70.0,33.2,63.9,42.8,32.3,86.2,8.607,0.673,64.3,0.902,0.656,0.433,0.369,11.67276001,6.549980164
2019,Nigeria,4.266,55.7,13.5,63.8,51.6,31.0,87.6,8.532,0.735,54.4,0.746,0.873,0.698,0.229,10.13020498,7.191969872
2018,Denmark,7.649,198.6,114.4,24.2,79.4,81.4,22.1,10.936,0.958,70.875,0.935,0.151,0.773,0.206,18.72179985,12.86071014
2018,Switzerland,7.509,195.9,129.7,21.5,72.7,121.2,22.0,11.164,0.93,72.3,0.926,0.301,0.756,0.192,16.25905037,13.79969025
2018,Finland,7.858,194.0,112.3,22.8,73.5,72.8,11.9,10.78,0.962,70.925,0.938,0.199,0.749,0.182,19.45115089,12.80649996
2018,Australia,7.177,191.1,122.9,42.8,76.4,72.1,24.0,10.801,0.94,70.825,0.916,0.405,0.706,0.187,20.42849922,12.55362034
2018,Austria,7.396,191.1,96.7,21.4,79.2,71.8,22.0,10.919,0.912,70.775,0.904,0.523,0.695,0.226,16.02190971,12.20790482
2018,Netherlands,7.463,188.9,102.5,28.6,77.8,74.8,27.4,10.934,0.939,71.325,0.92,0.371,0.748,0.205,18.33420944,12.32301044
2018,Germany,7.118,187.0,116.2,34.5,74.3,67.6,28.0,10.886,0.92,70.7,0.877,0.496,0.74,0.243,17.04191971,14.07738018
2018,New Zealand,7.37,185.6,101.1,39.6,73.6,72.6,22.7,10.666,0.954,70.125,0.949,0.207,0.785,0.168,18.3230896,13.13976479
2018,Norway,7.444,181.9,103.6,35.3,74.1,101.0,19.9,11.072,0.966,71.35,0.96,0.268,0.786,0.212,18.14512062,12.97539473
2018,Estonia,6.091,180.9,76.0,20.8,72.1,51.0,18.1,10.463,0.933,68.975,0.886,0.621,0.73,0.163,15.75247955,13.65631008
2018,Japan,5.794,180.5,103.1,13.7,80.4,83.3,37.1,10.639,0.886,73.975,0.773,0.687,0.649,0.185,15.39982986,12.64136429
2018,United States,6.883,179.2,122.0,47.1,69.4,69.9,33.9,11.024,0.904,66.225,0.825,0.71,0.757,0.292,16.64285088,13.50162029
2018,Sweden,7.375,178.7,111.4,49.3,71.0,71.6,18.0,10.866,0.931,71.775,0.942,0.263,0.747,0.161,18.89518929,12.54788494
2018,Slovenia,6.249,176.0,75.4,22.6,62.8,52.5,24.3,10.545,0.941,70.525,0.942,0.839,0.601,0.275,17.44425964,12.75198507
2018,Spain,6.513,174.2,83.8,32.5,77.8,54.7,39.4,10.603,0.91,71.975,0.722,0.777,0.636,0.357,17.51925087,10.1423502
2018,United Kingdom,7.233,170.8,105.7,42.7,74.7,65.3,39.4,10.755,0.928,70.0,0.838,0.404,0.736,0.228,17.15052032,13.24292692
2018,Canada,7.175,170.3,109.4,39.5,71.0,65.0,27.8,10.799,0.923,71.25,0.946,0.372,0.773,0.259,15.93410969,13.80017348
2018,Croatia,5.536,165.3,60.3,24.7,64.1,49.2,31.0,10.248,0.91,68.425,0.691,0.925,0.512,0.29,15.45802975,12.05498697
2018,Portugal,5.92,163.5,55.2,32.1,70.7,50.4,31.6,10.435,0.887,70.875,0.877,0.88,0.646,0.318,16.48127937,9.144709587
2018,Belgium,6.892,162.1,95.1,42.5,79.4,73.0,49.9,10.842,0.93,70.45,0.808,0.63,0.682,0.25,19.56148911,12.30630493
2018,Ireland,6.962,160.8,95.1,44.5,48.6,75.3,31.1,11.331,0.938,71.0,0.861,0.362,0.754,0.213,19.75616074,11.50796839
2018,Czechia,7.034,158.8,71.3,26.7,74.7,45.1,41.0,10.595,0.929,68.675,0.79,0.851,0.674,0.178,16.12398911,12.8280654
2018,France,6.666,157.8,91.6,46.4,78.6,74.9,42.7,10.72,0.921,72.0,0.816,0.582,0.705,0.282,15.84354973,11.50988007
2018,Cyprus,6.276,157.6,75.3,29.3,50.2,55.6,53.8,10.599,0.826,72.2,0.794,0.848,0.663,0.298,15.6956501,12.28287983
2018,Singapore,6.375,156.9,103.8,21.5,70.3,69.8,32.3,11.496,0.903,73.5,0.916,0.097,0.731,0.107,16.74200058,11.74279022
2018,Lithuania,6.309,156.4,60.3,36.5,67.6,45.9,30.8,10.476,0.929,66.35,0.699,0.852,0.518,0.214,16.77666092,13.29162661
2018,Israel,6.927,153.8,92.5,32.2,73.4,74.3,57.3,10.595,0.91,72.25,0.725,0.77,0.612,0.282,14.85824013,13.24765522
2018,Slovakia,6.235,153.1,63.2,29.5,60.1,45.0,41.9,10.349,0.922,68.275,0.758,0.91,0.67,0.253,14.54144001,12.86622047
2018,South Korea,5.84,149.5,103.4,34.0,84.5,76.9,54.2,10.645,0.798,72.825,0.6,0.797,0.579,0.217,16.38441086,12.41257949
2018,Latvia,5.901,149.2,55.2,36.8,59.7,49.2,35.0,10.311,0.913,66.1,0.608,0.799,0.521,0.192,16.56105042,13.18325043
2018,Poland,6.111,148.0,70.0,30.1,62.2,39.1,52.4,10.365,0.863,68.525,0.87,0.72,0.622,0.176,15.92910004,13.08478498
2018,Italy,6.517,145.7,77.5,45.0,67.1,69.2,53.8,10.647,0.913,71.825,0.65,0.888,0.598,0.403,16.28807068,10.56645012
2018,Belarus,5.234,141.5,44.6,23.5,58.0,33.1,41.0,9.851,0.905,65.775,0.644,0.718,0.409,0.236,14.67171001,12.04824839
2018,Romania,6.151,140.3,61.2,27.8,54.5,36.5,55.4,10.266,0.818,66.675,0.845,0.921,0.649,0.298,14.35554981,11.21188498
2018,Greece,5.409,137.8,49.6,38.6,55.2,56.7,51.9,10.28,0.794,70.775,0.564,0.86,0.564,0.255,19.19458961,10.83141518
2018,South Africa,4.884,135.3,83.0,76.8,62.6,42.5,56.9,9.546,0.841,55.675,0.753,0.841,0.736,0.283,14.0805397,10.7576704
2018,Hungary,5.936,134.5,54.7,35.2,48.2,42.0,46.5,10.346,0.941,67.05,0.693,0.911,0.595,0.201,15.16954994,12.06949997
2018,Bulgaria,5.099,130.6,52.2,40.0,54.0,37.2,64.0,10.008,0.924,66.2,0.724,0.952,0.554,0.189,14.4972496,11.29952653
2018,Turkiye,5.186,125.5,45.3,40.4,69.4,35.2,69.2,10.246,0.847,68.225,0.529,0.805,0.379,0.351,18.97455978,8.450664997
2018,Bosnia and Herzegovina,5.887,124.5,49.2,43.8,53.2,35.7,63.5,9.552,0.836,67.15,0.659,0.913,0.568,0.277,13.57777977,9.812379837
2018,Chile,6.436,124.1,54.1,46.8,65.5,47.7,65.5,10.13,0.89,69.85,0.789,0.816,0.755,0.276,16.60621071,10.76136507
2018,Mexico,6.55,123.5,50.0,52.3,69.7,32.7,66.0,9.917,0.858,65.8,0.816,0.809,0.815,0.213,14.92304993,8.933190346
2018,Argentina,5.793,122.5,55.0,62.6,69.4,33.1,52.3,10.032,0.9,67.05,0.846,0.855,0.732,0.321,17.85782051,11.10470009
2018,Malaysia,5.339,122.1,73.1,60.8,67.6,39.4,63.7,10.197,0.789,65.725,0.875,0.894,0.716,0.2,13.14906979,10.55220985
2018,Georgia,4.659,120.9,33.2,19.9,51.3,28.8,72.5,9.565,0.617,64.575,0.775,0.755,0.479,0.244,16.00856018,13.34078026
2018,Serbia,5.936,119.8,39.9,37.3,52.6,35.4,58.9,9.767,0.853,66.775,0.74,0.864,0.527,0.296,14.78874969,11.26613522
2018,India,3.818,117.5,66.9,42.7,68.3,24.2,75.8,8.77,0.638,60.0,0.89,0.805,0.591,0.357,11.40435982,6.240960121
2018,Panama,6.281,113.1,41.3,46.4,61.4,51.4,62.0,10.346,0.904,68.6,0.861,0.837,0.841,0.223,13.11288674,10.4001236
2018,Lebanon,5.167,111.2,54.0,44.3,65.9,58.1,87.4,9.797,0.829,65.925,0.607,0.907,0.415,0.271,12.12426167,8.565249605
2018,North Macedonia,5.24,110.6,39.8,39.3,59.0,31.6,80.9,9.69,0.849,65.9,0.745,0.91,0.512,0.298,13.04564953,11.68542004
2018,Colombia,5.984,108.4,34.7,51.3,67.5,30.1,61.7,9.577,0.871,68.825,0.851,0.855,0.775,0.301,14.62864017,8.504469872
2018,Indonesia,5.34,107.2,33.0,46.0,62.0,36.2,62.8,9.341,0.809,62.675,0.879,0.868,0.796,0.296,13.78658009,8.162039757
2018,Pakistan,5.472,104.6,38.6,46.7,60.6,20.4,75.9,8.54,0.685,56.625,0.773,0.799,0.47,0.377,7.303080082,4.770319939
2018,Thailand,6.012,103.3,40.9,46.7,79.1,47.5,72.2,9.78,0.873,68.225,0.905,0.907,0.783,0.198,15.98929501,8.372150421
2018,Ukraine,4.662,102.3,32.7,48.9,51.0,27.9,66.6,9.42,0.901,64.175,0.663,0.943,0.55,0.222,13.64286995,11.13953963
2018,Brazil,6.191,100.3,37.4,70.2,54.6,42.8,57.7,9.59,0.882,65.225,0.751,0.763,0.677,0.35,15.50376034,7.982019901
2018,Sri Lanka,4.435,95.3,27.3,41.0,72.3,30.2,57.7,9.529,0.833,66.9,0.859,0.856,0.773,0.302,13.58215046,10.64155006
2018,Philippines,5.869,90.7,29.5,40.8,65.9,35.1,74.5,9.032,0.846,61.975,0.918,0.726,0.756,0.393,12.84095001,8.707799911
2018,Vietnam,5.296,88.8,33.3,48.8,54.5,37.7,87.1,9.173,0.832,65.2,0.909,0.808,0.614,0.191,12.94322497,8.287745237
2018,Kazakhstan,6.008,87.2,38.8,66.5,51.3,29.8,74.3,10.148,0.937,64.6,0.84,0.824,0.611,0.162,14.35060978,12.21006966
2018,Iran,4.278,87.0,37.7,49.3,51.2,35.8,79.3,9.591,0.674,66.15,0.603,0.703,0.482,0.493,14.3321298,10.52784353
2017,Denmark,7.594,197.7,117.5,22.0,77.1,93.3,23.6,10.922,0.952,70.75,0.955,0.181,0.779,0.206,18.82432938,13.011765
2017,Finland,7.788,195.3,119.4,23.7,75.4,81.7,12.1,10.77,0.964,70.85,0.962,0.192,0.756,0.176,19.37471008,12.73937988
2017,Netherlands,7.459,191.3,109.5,28.9,81.1,82.7,27.2,10.917,0.937,71.25,0.92,0.363,0.729,0.185,18.40394974,12.25356531
2017,Switzerland,7.474,190.8,126.1,21.8,71.7,131.4,23.0,11.143,0.95,72.1,0.925,0.316,0.734,0.196,16.16839981,13.73318529
2017,Austria,7.294,190.2,98.7,20.4,78.8,81.5,22.9,10.9,0.906,70.65,0.89,0.518,0.699,0.18,15.94421005,12.15911961
2017,Germany,7.074,190.0,125.0,36.7,75.4,74.3,27.3,10.879,0.892,70.5,0.841,0.414,0.707,0.196,16.98994064,14.10476494
2017,Australia,7.257,188.7,123.0,42.5,76.2,84.3,24.8,10.787,0.95,70.75,0.911,0.411,0.728,0.225,21.95104027,12.42234039
2017,New Zealand,7.327,182.4,98.6,39.2,72.0,83.4,21.8,10.651,0.955,70.05,0.942,0.222,0.763,0.172,18.46677971,13.2373023
2017,United States,6.992,180.6,127.6,49.6,68.4,73.0,31.7,11.001,0.921,66.35,0.868,0.681,0.755,0.268,16.67160034,13.41329002
2017,Sweden,7.287,176.8,113.0,49.3,70.4,83.7,19.1,10.858,0.914,71.65,0.935,0.239,0.756,0.175,18.86420059,12.48604965
2017,Estonia,5.938,176.4,74.8,20.8,71.3,57.6,17.2,10.429,0.936,68.75,0.862,0.668,0.74,0.16,15.81396008,13.55548
2017,Norway,7.579,176.3,108.0,43.3,74.7,113.7,20.2,11.067,0.95,71.3,0.953,0.25,0.8,0.203,18.05971909,12.94715977
2017,Japan,5.911,176.0,107.4,13.1,81.7,86.6,41.7,10.632,0.882,73.85,0.849,0.659,0.692,0.176,15.3861599,12.6274312
2017,Slovenia,6.167,175.4,80.3,24.7,64.7,59.6,26.2,10.505,0.928,70.35,0.921,0.829,0.582,0.286,17.47266006,12.70028973
2017,Spain,6.23,174.9,90.7,36.7,77.5,61.8,38.1,10.585,0.903,71.85,0.756,0.791,0.601,0.302,17.48012924,10.07671499
2017,Canada,7.415,173.9,118.9,39.3,70.6,72.5,27.7,10.786,0.934,71.2,0.945,0.362,0.799,0.218,15.99886036,13.76600456
2017,United Kingdom,7.103,171.9,108.5,41.2,74.2,75.8,37.7,10.744,0.937,69.9,0.813,0.419,0.712,0.21,17.41173935,13.16133022
2017,Portugal,5.711,166.7,62.0,34.5,69.5,55.9,30.5,10.406,0.9,70.75,0.905,0.881,0.608,0.294,16.36219978,9.218230247
2017,France,6.635,166.2,101.2,45.3,78.0,83.9,40.4,10.705,0.931,71.9,0.834,0.601,0.716,0.242,15.74036026,11.40970039
2017,Belgium,6.928,164.0,98.9,42.2,80.4,83.3,48.9,10.829,0.922,70.3,0.857,0.543,0.713,0.234,19.76102066,12.23692989
2017,Ireland,7.06,163.5,96.1,43.8,53.0,85.4,28.7,11.261,0.943,70.9,0.905,0.337,0.771,0.213,18.70528984,11.4341898
2017,Croatia,5.343,162.4,59.8,27.0,63.8,55.1,32.7,10.211,0.77,68.25,0.716,0.892,0.618,0.316,15.4046402,11.92040895
2017,Czechia,6.79,162.0,76.3,28.8,75.4,50.1,41.0,10.567,0.901,68.55,0.832,0.867,0.672,0.227,16.67814064,12.78682041
2017,South Korea,5.874,155.4,109.4,35.8,83.4,82.9,52.9,10.62,0.807,72.55,0.538,0.851,0.546,0.235,16.42491913,12.31303351
2017,Slovakia,6.366,155.4,67.3,30.2,64.4,50.4,40.7,10.311,0.913,68.05,0.714,0.92,0.709,0.213,14.59996986,12.76618004
2017,Israel,7.331,152.2,102.3,36.9,74.1,86.5,60.3,10.574,0.916,72.1,0.768,0.793,0.621,0.276,14.92461014,13.15115217
2017,Singapore,6.378,150.5,95.9,16.2,69.6,91.4,33.9,11.465,0.897,73.4,0.926,0.162,0.75,0.179,16.67643929,11.5461998
2017,Lithuania,6.273,149.0,57.3,37.6,66.8,53.2,33.1,10.427,0.926,66.0,0.749,0.79,0.59,0.195,16.85014915,13.18838978
2017,Poland,6.201,146.6,74.4,36.2,62.1,45.2,51.1,10.308,0.882,68.35,0.831,0.639,0.566,0.203,16.05427933,13.04480243
2017,Italy,6.199,146.1,81.1,44.5,68.0,79.1,53.1,10.635,0.92,71.75,0.633,0.867,0.613,0.323,16.14862061,10.47961998
2017,Romania,6.09,144.0,66.2,29.0,54.6,39.7,53.0,10.202,0.811,66.55,0.839,0.926,0.632,0.231,14.23019028,11.14865017
2017,South Africa,4.514,137.9,99.8,75.7,63.0,48.1,62.2,9.543,0.87,55.15,0.787,0.865,0.709,0.268,14.26511002,10.14218044
2017,Greece,5.148,137.4,53.8,39.1,54.2,63.2,52.8,10.261,0.753,70.65,0.438,0.872,0.516,0.333,18.86384964,10.54285765
2017,Hungary,6.065,132.3,50.6,36.5,51.1,48.6,46.6,10.292,0.877,66.9,0.661,0.886,0.644,0.181,15.24666023,11.97945499
2017,Argentina,6.039,131.8,60.2,61.8,71.3,53.7,53.6,10.069,0.907,67.0,0.832,0.841,0.715,0.292,17.84296989,11.01644516
2017,Bulgaria,5.097,129.7,54.4,39.7,52.1,41.2,63.0,9.975,0.942,66.1,0.689,0.911,0.542,0.189,14.64519978,11.24269962
2017,Bosnia and Herzegovina,5.09,129.3,52.4,40.1,55.9,39.3,61.6,9.503,0.775,67.1,0.564,0.923,0.527,0.271,13.62747002,9.752649784
2017,Turkiye,5.607,127.6,53.8,41.1,70.4,41.8,69.4,10.225,0.876,68.05,0.644,0.671,0.393,0.313,18.67255974,8.268190384
2017,Mexico,6.41,126.4,58.2,51.1,68.6,33.6,66.1,9.905,0.8,65.8,0.861,0.801,0.775,0.231,14.85268021,8.742489815
2017,Serbia,5.122,123.5,41.8,37.8,53.4,39.6,56.6,9.718,0.884,66.65,0.685,0.851,0.485,0.326,14.80344963,11.16240025
2017,Chile,6.32,122.7,54.5,46.5,61.9,55.2,66.8,10.108,0.88,69.7,0.79,0.836,0.765,0.291,16.53348923,10.59051991
2017,India,4.046,122.1,79.3,44.2,67.4,26.9,75.9,8.718,0.607,59.7,0.886,0.781,0.579,0.318,12.07073975,6.014425039
2017,Indonesia,5.098,112.9,37.5,44.7,66.0,39.7,60.7,9.3,0.796,62.55,0.865,0.9,0.781,0.319,13.72858047,8.239589691
2017,Colombia,6.157,112.1,38.6,50.7,67.8,35.3,62.5,9.57,0.909,68.65,0.838,0.875,0.79,0.299,14.73616982,8.362985134
2017,Thailand,5.939,101.2,38.6,47.3,80.9,48.9,72.9,9.741,0.877,68.15,0.923,0.884,0.776,0.232,16.19328737,8.343885422
2017,Pakistan,5.831,100.3,41.1,51.2,57.5,25.1,77.5,8.495,0.69,56.35,0.713,0.714,0.489,0.308,7.014989853,5.115049839
2017,Brazil,6.333,100.1,41.6,70.6,52.7,51.3,59.5,9.58,0.905,65.05,0.765,0.794,0.669,0.308,15.40701962,7.851759911
2017,Philippines,5.594,99.1,34.0,40.1,68.2,36.0,72.5,8.987,0.851,61.95,0.926,0.711,0.753,0.341,12.81820011,8.446499825
2017,Ukraine,4.311,96.0,30.2,49.4,50.1,26.0,67.2,9.381,0.858,64.05,0.599,0.937,0.528,0.235,13.67564964,11.14765882
2017,Iran,4.717,92.4,45.6,49.4,51.2,34.6,81.2,9.627,0.714,66.0,0.731,0.715,0.59,0.439,14.43960953,10.42034294
2016,Austria,7.048,190.4,95.7,19.2,80.9,71.5,21.9,10.885,0.926,70.525,0.889,0.524,0.713,0.197,15.89675999,12.11466026
2016,Germany,6.874,189.7,124.9,32.0,76.7,65.5,27.1,10.857,0.906,70.3,0.871,0.446,0.709,0.187,16.87516975,14.1321497
2016,Denmark,7.558,184.9,98.8,21.1,75.4,83.0,26.0,10.9,0.954,70.625,0.948,0.21,0.786,0.208,19.0395298,13.16281986
2016,New Zealand,7.226,184.7,89.9,38.8,70.6,80.8,20.0,10.636,0.937,69.975,0.927,0.278,0.777,0.207,17.9842205,13.33483982
2016,Spain,6.319,183.6,87.9,31.3,76.7,55.0,37.5,10.558,0.942,71.725,0.768,0.819,0.63,0.301,17.43898964,10.01107979
2016,Finland,7.66,182.9,115.0,24.6,74.8,73.1,13.4,10.741,0.954,70.775,0.948,0.25,0.769,0.182,19.31080055,12.68652487
2016,United States,6.804,179.7,123.2,48.8,68.2,75.4,31.2,10.985,0.897,66.475,0.758,0.739,0.737,0.264,16.67295074,13.34290981
2016,Portugal,5.447,178.4,62.7,35.4,70.3,49.2,28.9,10.369,0.905,70.625,0.838,0.922,0.659,0.326,16.26753998,9.112580299
2016,Australia,7.25,176.5,101.9,42.4,74.2,80.7,24.6,10.781,0.942,70.675,0.922,0.399,0.736,0.236,22.85634995,12.35210991
2016,Slovenia,5.937,175.5,78.2,24.1,64.4,53.2,26.4,10.459,0.934,70.175,0.904,0.838,0.597,0.272,17.45750046,12.66755009
2016,Netherlands,7.541,175.2,86.5,29.9,82.5,72.5,27.6,10.894,0.926,71.175,0.907,0.433,0.737,0.215,18.13762093,12.18412018
2016,Switzerland,7.459,173.5,95.3,22.4,71.0,122.1,20.8,11.139,0.928,71.9,0.934,0.302,0.758,0.206,16.1342907,13.66668034
2016,United Kingdom,6.824,172.9,96.9,41.2,74.3,69.5,34.9,10.727,0.954,69.8,0.821,0.458,0.732,0.23,17.35995007,13.07054679
2016,Sweden,7.369,172.7,107.2,46.6,70.6,75.9,17.9,10.846,0.912,71.525,0.918,0.246,0.752,0.201,18.42341995,12.41359997
2016,Estonia,5.65,171.1,68.5,23.0,71.3,49.5,17.7,10.374,0.938,68.525,0.843,0.639,0.657,0.177,15.95291996,13.51035023
2016,Croatia,5.417,170.6,60.7,27.8,65.5,48.0,33.3,10.166,0.798,68.075,0.672,0.884,0.569,0.337,15.31190014,11.78733331
2016,Canada,7.245,167.2,108.0,39.2,69.2,70.2,26.5,10.768,0.924,71.15,0.912,0.385,0.768,0.237,15.93340015,13.73192024
2016,Ireland,7.041,166.9,103.5,45.8,53.3,77.0,27.2,11.186,0.958,70.8,0.875,0.399,0.744,0.211,18.79326057,11.36181815
2016,Cyprus,5.795,166.6,95.9,32.5,54.2,54.1,54.8,10.51,0.786,71.8,0.756,0.898,0.631,0.336,15.03357983,12.08658028
2016,Norway,7.596,165.9,105.6,45.7,74.2,106.3,19.5,11.053,0.96,71.25,0.954,0.41,0.809,0.209,17.95096016,12.81906033
2016,Czechia,6.736,165.4,76.2,30.2,74.1,41.2,41.0,10.519,0.931,68.425,0.85,0.9,0.71,0.201,16.78609085,12.73709011
2016,South Korea,5.971,162.5,102.4,25.3,83.2,75.4,52.7,10.592,0.811,72.275,0.591,0.862,0.583,0.233,16.48817062,12.21428586
2016,Belgium,6.949,160.5,91.0,44.5,78.9,75.4,48.9,10.816,0.929,70.15,0.866,0.497,0.701,0.26,19.65690994,11.98532009
2016,France,6.475,160.3,87.3,43.7,78.6,74.9,40.2,10.685,0.885,71.8,0.787,0.623,0.715,0.27,15.62283039,11.35085964
2016,Israel,7.159,157.9,94.5,29.0,74.8,77.7,61.7,10.552,0.89,71.95,0.772,0.804,0.602,0.263,14.90981007,13.05535211
2016,Slovakia,5.993,152.5,64.7,30.2,62.6,44.9,43.5,10.284,0.945,67.825,0.7,0.917,0.688,0.232,14.67245007,12.71166039
2016,Poland,6.162,150.2,71.8,31.5,61.5,38.1,50.3,10.258,0.917,68.175,0.871,0.848,0.666,0.224,16.10488319,13.00481987
2016,Greece,5.303,148.3,58.2,40.3,53.9,55.9,52.0,10.248,0.803,70.525,0.482,0.898,0.594,0.336,18.47464943,10.25430012
2016,Japan,5.955,147.5,102.5,20.9,78.6,85.3,41.0,10.615,0.9,73.725,0.836,0.698,0.69,0.192,15.37705994,12.61349812
2016,South Africa,4.77,144.7,99.0,75.7,61.7,43.1,63.6,9.536,0.875,54.625,0.774,0.813,0.743,0.301,14.24452019,9.271260262
2016,Romania,5.969,143.0,53.4,27.9,53.1,35.6,50.9,10.117,0.809,66.425,0.822,0.949,0.607,0.258,14.26296043,11.08049011
2016,Italy,5.955,142.5,71.8,44.7,66.3,83.7,51.6,10.617,0.927,71.675,0.624,0.903,0.632,0.339,15.95259953,10.39278984
2016,Argentina,6.427,139.6,58.4,62.6,73.3,52.6,53.3,10.051,0.883,66.95,0.848,0.851,0.732,0.312,17.85773087,10.92819023
2016,Bosnia and Herzegovina,5.181,139.1,51.3,41.0,61.5,35.0,60.7,9.46,0.808,67.05,0.633,0.957,0.566,0.304,13.62438011,9.692919731
2016,Hungary,5.449,138.8,47.5,38.4,53.5,42.8,44.0,10.248,0.9,66.75,0.554,0.924,0.59,0.243,15.15030003,11.88941002
2016,Bulgaria,4.838,138.2,51.4,40.2,54.0,36.5,63.1,9.94,0.926,66.0,0.7,0.936,0.545,0.172,14.82929993,11.23243999
2016,Chile,6.579,136.2,61.3,47.5,61.0,50.1,67.7,10.11,0.841,69.55,0.652,0.858,0.792,0.283,16.49542999,10.42321491
2016,Serbia,5.753,133.4,40.8,38.6,53.9,33.8,55.3,9.692,0.895,66.525,0.614,0.89,0.492,0.298,14.65950966,11.13010025
2016,Lithuania,5.866,130.3,51.7,40.0,68.7,46.7,34.3,10.371,0.938,65.65,0.614,0.949,0.553,0.25,16.71729088,13.10509968
2016,Turkiye,5.326,129.6,55.6,41.1,71.7,38.6,70.5,10.166,0.88,67.875,0.644,0.764,0.414,0.39,18.27482986,8.099840164
2016,Mexico,6.824,129.1,60.1,50.3,70.1,29.8,66.7,9.895,0.893,65.8,0.752,0.809,0.802,0.22,14.6759901,8.599900246
2016,Belarus,5.178,119.2,36.4,22.3,53.8,33.8,39.6,9.792,0.927,65.325,0.658,0.664,0.503,0.182,15.18873024,11.85758429
2016,North Macedonia,5.346,116.4,39.8,38.7,63.5,30.9,83.4,9.652,0.871,65.5,0.706,0.87,0.587,0.292,13.0767951,11.11521006
2016,Colombia,6.234,115.4,37.6,51.7,65.8,34.4,63.9,9.572,0.882,68.475,0.835,0.898,0.77,0.294,14.76609039,8.221500397
2016,Lebanon,5.271,106.2,53.6,49.2,64.3,61.7,85.1,9.755,0.828,65.775,0.657,0.853,0.513,0.263,12.10425226,8.497463228
2016,India,4.179,101.5,76.7,44.0,69.2,25.1,76.5,8.664,0.614,59.4,0.82,0.765,0.646,0.346,12.22541046,5.787889957
2016,Iran,4.653,97.2,43.2,50.9,51.6,38.3,82.5,9.614,0.566,65.85,0.773,0.713,0.592,0.526,14.55496025,10.31394005
2016,Brazil,6.375,96.2,42.4,70.6,51.7,53.1,61.2,9.575,0.912,64.875,0.807,0.781,0.711,0.302,15.29432011,7.731040001
2016,Pakistan,5.549,93.4,39.9,54.4,59.0,27.2,80.1,8.465,0.627,56.075,0.634,0.793,0.503,0.332,7.082240105,5.162640095
2016,Egypt,4.557,91.8,29.4,52.9,43.7,22.4,88.9,9.232,0.809,62.25,0.656,0.818,0.538,0.37,12.03536034,8.806776914
2016,Ukraine,4.029,87.5,26.9,51.3,49.8,26.2,67.3,9.353,0.885,63.925,0.503,0.891,0.55,0.22,13.63589954,11.15577802
2016,Singapore,6.033,86.5,92.7,16.6,69.9,82.4,37.0,11.42,0.925,73.3,0.904,0.047,0.745,0.111,16.63907051,11.58815956
2016,Indonesia,5.136,62.0,27.6,49.7,64.8,41.1,76.4,9.261,0.792,62.425,0.83,0.89,0.748,0.342,13.60601997,7.976150036
2016,Thailand,6.074,57.2,34.3,49.8,80.7,43.7,73.2,9.705,0.908,68.075,0.924,0.878,0.811,0.218,16.39727974,8.315620422
2016,Philippines,5.431,56.9,36.0,39.8,69.2,34.7,70.2,8.938,0.821,61.925,0.908,0.792,0.807,0.29,12.58333969,8.621369839
2016,Vietnam,5.062,36.1,24.8,53.0,47.9,40.1,88.1,9.053,0.876,65.0,0.894,0.799,0.487,0.223,12.8344252,8.12267518
2016,Venezuela,4.041,0.0,3.3,85.3,36.9,38.3,72.9,7.602,0.902,64.925,0.458,0.89,0.676,0.392,13.8138124,10.31229973
2015,Switzerland,7.572,208.5,178.7,25.7,68.9,123.1,23.0,11.13,0.938,71.7,0.928,0.21,0.794,0.166,16.1556797,13.71187973
2015,Denmark,7.514,206.5,142.1,25.7,81.9,84.9,29.9,10.876,0.96,70.5,0.941,0.191,0.801,0.218,19.2968998,12.63831997
2015,New Zealand,7.418,201.1,115.5,36.4,72.6,78.2,19.0,10.622,0.987,69.9,0.942,0.186,0.795,0.16,18.9496994,13.23099995
2015,Germany,7.037,199.7,147.6,33.0,75.8,65.5,29.9,10.843,0.926,70.1,0.889,0.412,0.722,0.203,17.11218071,14.08201981
2015,Australia,7.309,198.8,147.3,43.1,73.7,78.5,22.9,10.77,0.952,70.6,0.922,0.357,0.75,0.21,23.24768066,12.2456398
2015,Austria,7.076,192.4,120.5,24.1,77.8,66.6,30.8,10.876,0.928,70.4,0.9,0.557,0.748,0.164,16.03313065,12.07699013
2015,Netherlands,7.324,192.4,129.3,31.5,70.4,72.1,32.8,10.878,0.879,71.1,0.904,0.412,0.742,0.202,18.26939964,12.13512993
2015,Norway,7.603,188.9,125.8,30.1,74.2,99.8,18.2,11.051,0.947,71.2,0.948,0.299,0.796,0.209,17.77986908,12.77120972
2015,Spain,6.381,186.4,105.3,31.8,75.9,56.1,46.6,10.529,0.956,71.6,0.732,0.822,0.705,0.285,17.40423965,9.912139893
2015,Sweden,7.289,185.8,128.2,43.1,74.3,75.7,18.3,10.838,0.929,71.4,0.935,0.232,0.766,0.191,18.32088089,12.35441017
2015,Finland,7.448,184.0,132.9,28.1,74.4,75.2,17.8,10.716,0.948,70.7,0.93,0.223,0.736,0.191,19.31086922,12.63366985
2015,United States,6.864,184.0,139.2,48.9,67.8,74.1,34.9,10.976,0.904,66.6,0.849,0.698,0.769,0.275,16.59604073,13.25187969
2015,Portugal,5.081,181.2,75.5,35.1,69.0,49.8,31.8,10.346,0.866,70.5,0.8,0.941,0.629,0.371,16.38459969,8.986729622
2015,United Kingdom,6.515,180.2,120.0,43.1,74.0,81.0,35.0,10.713,0.936,69.7,0.833,0.456,0.74,0.219,17.30816078,12.97976335
2015,Canada,7.413,177.2,134.8,39.2,68.6,64.8,29.5,10.769,0.939,71.1,0.931,0.427,0.792,0.286,15.95269012,13.69808826
2015,Japan,5.88,176.1,117.6,19.3,80.4,81.3,34.0,10.607,0.923,73.6,0.832,0.654,0.702,0.176,15.41378021,12.59956503
2015,Slovenia,5.741,175.9,89.8,26.3,58.5,52.2,28.2,10.428,0.901,70.0,0.896,0.892,0.644,0.261,17.27178001,12.56729984
2015,France,6.358,173.6,118.5,44.1,82.2,75.3,46.3,10.677,0.896,71.7,0.817,0.641,0.74,0.215,15.51356983,11.33419037
2015,Croatia,5.205,172.4,67.9,29.5,60.0,48.2,30.4,10.124,0.768,67.9,0.694,0.849,0.57,0.294,15.31521988,11.65574329
2015,Ireland,6.83,171.9,125.7,48.4,50.4,78.0,30.8,11.177,0.953,70.7,0.892,0.409,0.748,0.225,18.70903015,11.28944651
2015,South Korea,5.78,170.3,120.6,14.3,79.0,73.2,49.7,10.567,0.768,72.0,0.616,0.841,0.561,0.244,16.57014084,12.11633015
2015,Czechia,6.608,167.4,90.0,32.1,72.3,41.8,42.5,10.496,0.911,68.3,0.808,0.886,0.689,0.206,16.95470047,12.67333984
2015,Israel,7.079,166.6,115.5,30.6,76.1,75.7,61.5,10.527,0.864,71.8,0.753,0.789,0.652,0.256,15.04730034,12.9602499
2015,Greece,5.623,165.4,79.3,38.5,59.2,54.4,47.2,10.249,0.835,70.4,0.532,0.824,0.637,0.277,18.17227459,10.74370956
2015,Belgium,6.904,162.3,106.7,45.2,78.1,75.4,56.6,10.809,0.885,70.0,0.869,0.469,0.747,0.24,19.79195976,11.89404011
2015,Italy,5.848,159.3,105.7,46.2,67.8,68.8,56.6,10.603,0.909,71.6,0.575,0.913,0.646,0.329,15.95431995,10.3059597
2015,South Africa,4.887,156.7,126.1,78.4,59.6,34.7,63.3,9.539,0.898,54.1,0.862,0.853,0.717,0.161,14.60560989,10.23357964
2015,Poland,6.007,153.6,80.8,31.4,60.0,38.5,49.9,10.228,0.893,68.0,0.793,0.81,0.631,0.24,16.15548706,12.92106485
2015,Chile,6.533,147.3,78.4,42.0,61.1,43.9,67.2,10.105,0.827,69.4,0.769,0.812,0.752,0.333,16.39200974,10.25590992
2015,Bosnia and Herzegovina,5.117,146.7,60.6,42.5,60.5,34.6,57.9,9.417,0.656,67.0,0.631,0.96,0.486,0.286,13.62532043,9.291910172
2015,Romania,5.777,146.1,61.9,29.7,51.4,34.8,50.5,10.083,0.787,66.3,0.796,0.962,0.627,0.312,14.58216,10.98408985
2015,Bulgaria,4.865,141.6,59.2,41.4,50.9,36.4,60.4,9.903,0.908,65.9,0.637,0.941,0.556,0.214,15.07861996,11.18832016
2015,Hungary,5.344,140.7,56.3,41.9,52.1,41.3,46.7,10.223,0.859,66.6,0.558,0.908,0.65,0.245,15.31834984,11.84778976
2015,Argentina,6.697,138.5,74.9,63.3,73.7,64.1,58.5,10.083,0.926,66.9,0.881,0.851,0.768,0.305,17.58465958,10.91755009
2015,Serbia,5.318,138.3,49.6,43.3,55.9,33.6,55.1,9.654,0.816,66.4,0.546,0.859,0.472,0.303,14.54675961,11.01756954
2015,Turkiye,5.514,137.3,64.1,39.4,73.0,45.1,65.7,10.15,0.851,67.7,0.653,0.806,0.391,0.382,17.78837967,7.958399773
2015,Mexico,6.236,137.0,76.5,50.8,68.1,35.0,64.6,9.88,0.761,65.8,0.719,0.708,0.706,0.237,14.23423958,8.601650238
2015,Lithuania,5.711,134.3,61.3,43.2,67.4,45.6,30.9,10.334,0.929,65.3,0.641,0.924,0.534,0.276,16.67020035,12.95541
2015,Colombia,6.388,128.5,46.0,48.5,73.2,29.2,64.4,9.562,0.89,68.3,0.791,0.843,0.803,0.292,14.64527988,8.047450066
2015,North Macedonia,4.976,115.0,46.7,38.0,60.0,31.0,85.3,9.625,0.766,65.3,0.66,0.824,0.551,0.299,12.97245979,10.83010507
2015,India,4.342,109.3,89.6,46.6,66.5,24.1,77.0,8.596,0.61,59.1,0.777,0.776,0.657,0.322,11.81404018,5.690693951
2015,Brazil,6.547,101.0,48.7,71.2,51.1,38.9,61.2,9.617,0.907,64.7,0.799,0.771,0.687,0.325,15.24540043,7.506820202
2015,Iran,4.75,96.9,47.7,52.4,49.8,41.1,84.2,9.548,0.572,65.7,0.78,0.699,0.548,0.52,14.88681984,10.21497011
2015,Pakistan,4.823,94.0,43.3,56.6,61.3,26.7,76.6,8.423,0.562,55.8,0.587,0.717,0.469,0.329,6.739069939,5.162640095
2015,Singapore,6.62,93.1,110.5,15.8,69.1,83.7,38.8,11.398,0.866,73.2,0.887,0.099,0.736,0.142,16.56835513,11.57108974
2015,Egypt,4.763,88.8,40.3,56.5,46.6,36.7,96.0,9.21,0.73,62.0,0.659,0.684,0.554,0.344,11.88743496,8.567844217
2015,Ukraine,3.965,85.6,29.7,48.6,49.7,28.6,67.8,9.325,0.909,63.8,0.431,0.952,0.531,0.241,13.77066994,11.16389722
2015,Indonesia,5.043,72.2,35.5,47.0,62.6,36.3,75.1,9.222,0.809,62.3,0.779,0.946,0.796,0.274,13.63879967,7.914480209
2015,Philippines,5.547,65.8,42.9,37.6,72.3,34.7,73.1,8.887,0.854,61.9,0.912,0.755,0.796,0.351,12.61225033,8.796239853
2015,Thailand,6.202,63.8,40.1,42.6,80.8,40.0,71.5,9.675,0.866,68.0,0.885,0.914,0.884,0.174,16.45110989,8.180100282
2015,Malaysia,6.322,63.8,96.3,68.6,66.4,37.5,67.5,10.092,0.818,65.8,0.675,0.838,0.733,0.314,13.28528023,10.25508531
2014,Switzerland,7.493,222.9,146.5,26.8,66.3,126.0,24.1,11.125,0.959,71.64,0.949,0.283,0.788,0.189,16.08971977,13.64011002
2014,Germany,6.984,195.9,111.8,28.5,75.6,76.3,28.3,10.837,0.938,70.08,0.899,0.474,0.739,0.188,17.11840057,14.03711987
2014,Sweden,7.239,193.9,110.9,42.1,76.3,82.9,15.1,10.805,0.933,71.36,0.945,0.25,0.793,0.208,18.09351921,12.29454041
2014,United States,7.151,192.5,126.1,50.0,67.8,76.5,31.4,10.956,0.902,66.62,0.866,0.702,0.786,0.281,16.55954933,13.22457981
2014,Finland,7.385,190.2,101.2,29.5,69.4,89.7,14.9,10.714,0.952,70.48,0.933,0.265,0.766,0.199,19.25424957,12.59953022
2014,Denmark,7.508,190.2,105.7,25.7,79.3,100.6,31.8,10.86,0.956,70.28,0.942,0.237,0.78,0.233,19.2089901,12.38759041
2014,Austria,6.95,182.6,104.6,26.2,78.4,76.9,34.0,10.877,0.899,70.3,0.885,0.567,0.721,0.17,16.02224922,12.01449966
2014,Australia,7.289,180.8,110.4,42.2,71.9,99.3,21.6,10.763,0.924,70.52,0.923,0.442,0.74,0.245,23.08315892,12.16699982
2014,Canada,7.304,177.6,105.1,37.5,69.6,81.8,27.3,10.77,0.918,71.04,0.939,0.442,0.791,0.259,15.87559986,13.66425629
2014,New Zealand,7.306,175.5,91.0,39.8,72.6,93.7,17.6,10.605,0.942,69.88,0.932,0.273,0.807,0.199,19.07279968,13.27740955
2014,Norway,7.444,175.1,96.3,31.2,75.5,118.6,23.7,11.041,0.941,71.0,0.956,0.405,0.802,0.194,17.68444061,12.7142601
2014,Japan,5.923,168.3,98.2,20.2,87.1,80.4,38.2,10.59,0.9,73.48,0.838,0.617,0.687,0.189,15.40052986,12.58563194
2014,Netherlands,7.321,166.8,102.0,35.4,67.2,86.0,35.0,10.863,0.909,71.06,0.91,0.457,0.776,0.221,18.15981293,12.09368992
2014,United Kingdom,6.758,156.9,98.1,42.0,73.9,92.2,34.0,10.698,0.91,69.64,0.857,0.484,0.74,0.251,17.50185966,12.88897991
2014,Cyprus,5.627,154.9,71.0,31.6,78.4,72.5,32.9,10.412,0.77,71.44,0.715,0.868,0.661,0.397,14.46158028,11.88368034
2014,Ireland,7.018,148.9,95.7,49.1,49.5,92.1,28.0,10.969,0.968,70.58,0.922,0.406,0.736,0.229,18.18281937,11.21707487
2014,Estonia,5.556,144.6,51.4,28.1,73.1,61.2,15.5,10.325,0.917,68.02,0.773,0.652,0.62,0.203,16.26988983,13.44295025
2014,France,6.467,139.3,92.6,49.7,82.6,88.4,45.9,10.669,0.878,71.6,0.803,0.656,0.759,0.216,15.44229031,11.22550011
2014,Belgium,6.855,136.0,86.2,42.0,77.9,87.2,53.8,10.794,0.944,69.84,0.861,0.512,0.744,0.252,19.70776939,11.64029026
2014,Spain,6.456,134.9,76.7,33.9,73.2,65.7,46.3,10.49,0.948,71.48,0.738,0.854,0.683,0.335,17.28533936,9.720040321
2014,Slovenia,5.678,134.5,64.2,28.7,53.9,65.1,31.4,10.407,0.908,69.84,0.888,0.909,0.594,0.291,17.34629059,12.42835999
2014,Portugal,5.127,129.2,58.2,35.8,65.6,58.2,32.6,10.324,0.862,70.26,0.847,0.941,0.663,0.358,16.3393541,8.870940208
2014,Czechia,6.484,127.5,68.1,32.9,67.2,48.5,42.9,10.445,0.878,68.18,0.8,0.897,0.638,0.235,16.96136093,12.63813972
2014,Israel,7.401,120.4,88.2,30.4,76.4,79.3,65.2,10.523,0.889,71.72,0.707,0.818,0.567,0.271,15.09504986,12.91596985
2014,South Korea,5.801,120.0,85.8,18.0,78.1,82.9,77.1,10.544,0.738,71.78,0.623,0.834,0.575,0.283,16.61566925,12.02070618
2014,Lithuania,6.126,112.9,46.9,36.7,70.1,52.8,29.6,10.304,0.908,65.1,0.508,0.956,0.565,0.287,16.69989967,12.8023901
2014,Croatia,5.381,112.3,50.5,29.3,57.3,58.9,32.8,10.091,0.646,67.78,0.519,0.918,0.545,0.286,15.35783005,11.5256223
2014,Singapore,7.062,111.3,75.4,17.6,66.1,93.6,40.4,11.381,0.822,73.02,0.835,0.133,0.774,0.18,16.49763974,11.44260979
2014,South Africa,4.828,110.9,101.8,78.4,60.1,45.6,65.2,9.546,0.881,53.2,0.794,0.82,0.73,0.243,14.2816,10.14605045
2014,Poland,5.75,109.7,63.5,33.0,58.0,45.1,50.6,10.184,0.924,67.82,0.875,0.898,0.681,0.223,16.20609093,12.83730984
2014,Slovakia,6.139,109.1,56.0,33.3,57.3,51.6,47.9,10.216,0.924,67.38,0.635,0.914,0.619,0.267,14.98192978,12.4435997
2014,Italy,6.027,101.0,79.4,47.5,65.8,82.7,57.7,10.594,0.898,71.5,0.624,0.92,0.659,0.356,15.96397972,10.22185993
2014,Latvia,5.729,99.0,44.4,37.2,67.1,55.9,43.4,10.143,0.881,65.5,0.671,0.804,0.605,0.226,16.07192993,12.85737991
2014,Greece,4.756,94.7,51.9,41.4,56.7,68.9,44.9,10.245,0.832,70.32,0.369,0.93,0.597,0.385,17.86989975,10.59597969
2014,Hungary,5.181,93.1,46.9,41.8,51.6,48.9,46.3,10.184,0.845,66.44,0.494,0.855,0.578,0.238,15.58607006,11.77344036
2014,Uruguay,6.561,93.1,44.9,47.2,67.9,68.6,31.7,10.02,0.902,67.42,0.904,0.533,0.788,0.251,15.88829994,8.613840103
2014,Panama,6.631,89.3,43.3,50.1,82.1,55.2,50.9,10.22,0.873,68.14,0.894,0.847,0.799,0.254,12.81486034,9.838256836
2014,Malaysia,5.963,85.3,73.5,70.0,69.1,46.0,64.7,10.057,0.863,65.72,0.808,0.845,0.711,0.261,13.12631989,10.14366023
2014,Mexico,6.68,85.0,59.5,53.8,67.8,41.3,68.8,9.86,0.782,65.66,0.779,0.63,0.76,0.229,14.08321953,8.403470039
2014,Romania,5.727,83.6,40.6,29.7,46.6,42.4,50.5,10.047,0.753,66.12,0.754,0.958,0.565,0.331,14.61789322,10.85933971
2014,Turkiye,5.58,82.5,53.6,36.4,74.0,49.6,74.3,10.111,0.863,67.54,0.649,0.764,0.41,0.377,17.31707954,7.795050144
2014,India,4.424,78.6,65.8,46.5,66.9,26.3,77.7,8.531,0.621,58.74,0.809,0.832,0.651,0.285,11.70816994,5.593497944
2014,Argentina,6.671,77.0,59.4,62.4,75.2,67.1,55.9,10.067,0.918,66.78,0.745,0.854,0.769,0.238,17.42231941,10.90851021
2014,Bosnia and Herzegovina,5.249,73.5,44.7,45.8,52.1,42.3,58.5,9.373,0.788,67.0,0.412,0.976,0.491,0.262,13.64599991,9.194009781
2014,Belarus,5.812,72.5,35.8,30.5,45.4,50.2,45.1,9.858,0.88,64.54,0.647,0.682,0.575,0.209,15.41368008,11.66692019
2014,Bulgaria,4.438,68.3,39.9,43.5,58.5,43.6,64.0,9.863,0.886,65.76,0.576,0.955,0.542,0.236,15.17376041,11.05152988
2014,Chile,6.844,65.5,55.1,45.0,58.5,53.2,72.4,10.094,0.862,69.22,0.733,0.758,0.8,0.276,16.26062965,10.13243484
2014,Georgia,4.288,65.0,26.2,22.0,62.6,39.6,58.8,9.414,0.558,64.1,0.72,0.416,0.458,0.204,15.16259003,12.61833954
2014,Serbia,5.113,60.3,39.1,43.4,54.1,43.3,56.6,9.631,0.783,66.26,0.532,0.912,0.473,0.326,14.35466003,10.7205801
2014,Sri Lanka,4.268,49.9,28.2,50.0,74.3,41.7,65.7,9.395,0.805,66.12,0.868,0.791,0.785,0.187,13.39808655,10.41942297
2014,Armenia,4.453,49.1,27.7,29.1,48.3,40.7,73.0,9.315,0.739,65.76,0.506,0.92,0.51,0.404,13.07810974,11.47779512
2014,Colombia,6.449,47.7,36.1,56.9,68.9,38.9,61.4,9.542,0.907,68.08,0.801,0.887,0.825,0.278,14.60217953,7.992390156
2014,Thailand,6.985,47.4,38.8,37.1,82.5,46.5,72.8,9.649,0.933,67.82,0.9,0.92,0.768,0.169,16.50494003,8.044580142
2014,Kazakhstan,5.97,47.0,43.5,46.7,58.9,54.3,73.7,10.101,0.795,62.8,0.799,0.805,0.671,0.169,14.39548969,11.83370352
2014,Ecuador,5.946,44.5,28.0,54.0,63.1,45.6,53.2,9.399,0.831,67.16,0.719,0.661,0.841,0.306,15.00487995,8.361359596
2014,Dominican Republic,5.387,43.6,28.2,67.7,78.7,55.9,65.3,9.57,0.891,63.44,0.905,0.76,0.772,0.3,13.76587009,7.650459766
2014,Moldova,5.917,42.1,23.7,49.7,52.7,34.7,57.2,9.241,0.805,62.52,0.623,0.925,0.547,0.26,14.09694004,11.76074028
2014,Philippines,5.313,37.0,35.4,43.1,71.7,40.0,74.2,8.842,0.813,61.84,0.902,0.787,0.787,0.334,12.46006966,8.971109867
2014,Lebanon,5.233,32.8,50.2,52.0,65.8,67.6,89.1,9.733,0.759,65.64,0.657,0.939,0.525,0.267,11.99106401,8.399609944
2014,Brazil,6.981,29.8,41.2,69.0,52.2,55.3,58.0,9.661,0.898,64.54,0.714,0.71,0.718,0.274,15.36814022,7.379069805
2014,North Macedonia,5.204,28.9,35.5,36.1,35.1,37.4,82.3,9.589,0.793,65.22,0.645,0.861,0.583,0.307,12.66314983,10.54500008
2014,Indonesia,5.597,22.7,26.0,47.2,66.1,39.3,74.4,9.186,0.905,62.08,0.719,0.97,0.757,0.242,13.26311016,7.796500206
2014,Pakistan,5.436,21.8,33.2,61.2,51.2,30.7,83.7,8.39,0.552,55.54,0.543,0.677,0.475,0.295,6.466800213,5.162640095
2014,Ukraine,4.297,20.1,27.9,49.4,44.3,41.3,69.9,9.424,0.877,63.48,0.533,0.927,0.543,0.249,14.92978001,11.2329104
2014,Kenya,4.905,7.3,28.7,72.6,62.7,50.0,62.2,8.308,0.765,55.58,0.819,0.849,0.779,0.221,10.84691969,6.785426564
2014,Bolivia,5.865,6.6,41.1,65.6,49.8,40.0,94.0,8.933,0.821,62.5,0.881,0.832,0.769,0.398,14.04903974,8.677330335
2014,Iran,4.682,1.1,30.6,50.9,50.1,44.5,82.3,9.585,0.644,65.56,0.767,0.64,0.55,0.512,15.11425972,10.11600018
2014,Cambodia,3.883,-4.4,11.9,44.1,54.2,57.0,80.1,8.125,0.693,60.36,0.938,0.843,0.682,0.482,11.35912653,3.598449945
2014,Egypt,4.885,-7.1,25.8,60.1,54.7,37.2,96.6,9.19,0.619,61.94,0.578,0.749,0.477,0.327,11.73950958,8.328911521
2014,Mongolia,4.825,-35.7,23.5,70.3,28.3,52.3,94.6,9.315,0.943,59.48,0.752,0.909,0.512,0.17,14.47539192,10.47290993
2014,Venezuela,6.136,-53.0,11.9,84.1,38.5,111.0,79.2,9.366,0.904,65.14,0.57,0.827,0.797,0.244,13.90126771,9.51133275
2013,United States,7.249,195.5,132.9,50.1,68.6,77.4,35.1,10.941,0.925,66.64,0.792,0.747,0.776,0.26,16.5688591,13.20003033
2013,Germany,6.965,192.7,112.3,27.1,75.3,87.1,30.2,10.819,0.931,70.06,0.894,0.566,0.693,0.205,17.09482956,14.00984955
2013,Sweden,7.434,180.9,106.1,38.3,75.2,103.7,17.5,10.789,0.916,71.32,0.936,0.324,0.782,0.184,18.18398094,12.23344994
2013,Finland,7.445,178.9,97.9,29.2,68.7,103.3,16.7,10.722,0.941,70.26,0.919,0.306,0.752,0.195,19.3260994,12.54920959
2013,Denmark,7.589,178.6,100.7,29.3,85.6,114.9,34.8,10.849,0.965,70.06,0.92,0.17,0.826,0.195,19.17308044,12.74561024
2013,Canada,7.594,178.3,105.5,36.3,71.9,87.9,27.7,10.752,0.936,70.98,0.916,0.406,0.801,0.263,15.82699013,13.63042431
2013,Australia,7.364,176.0,104.2,41.2,73.6,108.5,19.4,10.752,0.928,70.44,0.933,0.432,0.77,0.177,22.91863717,12.01885986
2013,Austria,7.499,171.8,91.5,25.8,79.7,89.5,31.7,10.878,0.95,70.2,0.922,0.679,0.725,0.163,16.03704071,11.78754044
2013,New Zealand,7.28,168.6,87.6,42.9,77.8,104.5,21.0,10.585,0.958,69.86,0.944,0.312,0.778,0.151,19.1711998,13.32773972
2013,Japan,5.959,168.5,99.6,18.1,85.0,94.1,40.8,10.586,0.924,73.36,0.821,0.65,0.719,0.175,15.39536953,12.57169886
2013,Netherlands,7.407,161.0,97.5,37.1,66.2,98.8,32.4,10.852,0.925,71.02,0.919,0.505,0.765,0.235,18.05022621,12.06632996
2013,United Kingdom,6.918,151.0,94.3,42.6,73.5,100.1,33.8,10.673,0.937,69.58,0.905,0.568,0.719,0.252,17.66764069,12.83395004
2013,Estonia,5.367,145.4,48.7,29.1,76.3,67.3,13.4,10.293,0.901,67.74,0.754,0.726,0.651,0.199,16.49702072,13.53934956
2013,Ireland,6.76,142.4,94.6,53.6,42.6,106.6,29.3,10.893,0.955,70.46,0.884,0.558,0.744,0.245,18.06964493,11.14470323
2013,France,6.667,136.3,92.3,47.3,82.3,100.2,46.9,10.665,0.908,71.5,0.878,0.699,0.741,0.205,15.46125031,11.08078957
2013,Belgium,7.104,134.7,87.9,41.5,78.0,100.0,56.2,10.783,0.909,69.68,0.891,0.574,0.738,0.217,19.35095978,11.53950977
2013,Slovenia,5.975,125.6,60.4,33.2,61.3,75.4,33.0,10.381,0.932,69.68,0.89,0.918,0.625,0.274,17.68330956,12.38016987
2013,Portugal,5.158,124.7,54.6,35.1,64.8,69.3,30.9,10.31,0.867,70.02,0.788,0.946,0.665,0.348,16.29410851,8.655139923
2013,Spain,6.15,123.6,72.5,32.4,75.2,77.2,49.8,10.473,0.929,71.36,0.759,0.916,0.663,0.372,17.16381073,9.615365028
2013,Czechia,6.698,123.0,62.3,33.9,66.3,56.6,38.3,10.424,0.888,68.06,0.726,0.916,0.656,0.253,16.85703087,12.59654045
2013,Lithuania,5.596,121.9,43.2,34.7,69.3,60.0,21.1,10.261,0.913,64.9,0.556,0.936,0.54,0.294,16.85629082,12.58769035
2013,South Korea,5.959,117.9,80.6,16.3,79.2,87.6,74.2,10.519,0.797,71.56,0.642,0.832,0.589,0.189,16.68445015,11.92508221
2013,South Africa,3.661,111.6,96.0,78.5,59.4,48.6,57.9,9.548,0.839,52.3,0.714,0.8,0.74,0.167,13.91226006,10.04018545
2013,Slovakia,5.937,108.7,52.4,32.7,63.5,61.5,40.8,10.191,0.909,67.16,0.598,0.915,0.612,0.277,15.11940002,12.44200039
2013,Croatia,5.885,108.7,48.3,28.9,55.9,69.0,28.7,10.091,0.751,67.66,0.627,0.936,0.554,0.285,15.28361988,11.39695393
2013,Poland,5.746,95.2,57.6,37.5,54.8,53.7,50.5,10.146,0.912,67.64,0.776,0.916,0.675,0.242,16.59316063,12.77855015
2013,Uruguay,6.444,91.9,39.6,46.6,59.6,77.4,21.3,9.991,0.917,67.34,0.888,0.586,0.743,0.253,15.84080982,8.523880005
2013,Israel,7.321,91.2,69.3,33.3,75.4,91.5,63.8,10.503,0.909,71.64,0.739,0.849,0.649,0.409,15.10923004,12.80438042
2013,Italy,6.009,90.6,75.4,45.6,65.0,96.8,60.4,10.603,0.916,71.4,0.499,0.943,0.702,0.357,15.97961044,10.12277985
2013,Malaysia,5.77,89.1,70.5,66.4,69.4,48.7,61.1,10.015,0.831,65.64,0.791,0.755,0.664,0.317,13.00280952,10.03223515
2013,Singapore,6.533,88.0,64.1,21.3,61.8,100.0,41.9,11.355,0.808,72.84,0.827,0.242,0.663,0.148,16.42692436,11.37757015
2013,Mexico,7.443,83.5,60.5,52.5,70.6,47.0,71.2,9.844,0.759,65.52,0.739,0.615,0.75,0.223,13.91250992,8.357230186
2013,Hungary,4.914,83.2,44.9,37.5,46.6,59.3,48.3,10.14,0.877,66.28,0.674,0.912,0.647,0.307,15.83022022,12.00895977
2013,Argentina,6.582,81.1,57.1,57.5,76.7,66.8,57.5,10.103,0.91,66.66,0.737,0.823,0.766,0.254,17.2339592,10.89459991
2013,India,4.428,78.0,62.3,43.7,64.6,26.7,74.3,8.472,0.553,58.38,0.74,0.832,0.608,0.33,11.36273956,5.496301937
2013,Greece,4.72,77.5,44.3,43.0,59.0,83.8,45.3,10.233,0.687,70.24,0.426,0.941,0.571,0.482,17.52424049,10.49905229
2013,Bosnia and Herzegovina,5.124,74.6,44.5,45.0,54.4,49.8,58.2,9.349,0.767,67.0,0.39,0.97,0.489,0.315,13.61658955,8.542043209
2013,Belarus,5.876,74.4,33.9,32.9,48.0,50.3,42.7,9.842,0.923,63.98,0.723,0.653,0.545,0.206,15.57808018,11.57158813
2013,Chile,6.74,69.3,58.3,47.1,58.7,60.2,71.0,10.086,0.862,69.04,0.737,0.741,0.791,0.285,16.10619926,10.00895977
2013,Serbia,5.102,69.3,37.4,39.3,54.4,51.6,49.6,9.642,0.828,66.12,0.533,0.908,0.505,0.403,14.27927017,10.56494045
2013,Turkiye,4.888,67.8,55.8,40.0,57.5,49.9,77.1,10.082,0.795,67.38,0.541,0.698,0.551,0.392,16.79644966,7.63214016
2013,Romania,5.082,63.3,36.5,28.7,47.3,48.2,62.6,10.003,0.778,65.94,0.655,0.952,0.541,0.329,14.65362644,11.02073956
2013,Bulgaria,3.993,62.6,37.4,40.0,58.0,50.0,66.7,9.848,0.829,65.62,0.603,0.962,0.537,0.278,14.95895958,11.00629997
2013,Thailand,6.231,56.6,37.0,37.6,85.4,45.9,71.1,9.645,0.926,67.64,0.781,0.925,0.782,0.141,13.86569977,7.909060001
2013,Ecuador,6.019,42.3,27.0,60.0,59.4,45.2,53.7,9.376,0.801,66.82,0.787,0.646,0.824,0.267,14.87827969,8.288680077
2013,Kazakhstan,5.835,40.6,37.3,49.4,60.2,63.1,74.4,10.074,0.889,62.2,0.782,0.82,0.629,0.164,14.57437038,11.66963673
2013,Brazil,7.14,38.8,43.3,67.0,53.7,60.6,57.6,9.665,0.91,64.38,0.785,0.707,0.725,0.276,15.24518967,7.287489891
2013,Colombia,6.607,36.5,33.4,58.5,68.5,50.4,65.7,9.508,0.901,67.86,0.841,0.898,0.815,0.278,14.7003603,7.833469868
2013,Philippines,4.977,28.1,30.0,41.9,69.8,40.3,74.9,8.796,0.846,61.78,0.907,0.756,0.796,0.332,12.23202171,9.145979881
2013,Pakistan,5.138,22.3,31.5,63.8,50.4,29.7,80.3,8.359,0.607,55.28,0.448,0.792,0.474,0.274,6.192039967,4.958040237
2013,Ukraine,4.711,22.2,31.0,49.4,47.1,45.6,73.3,9.474,0.897,63.16,0.569,0.937,0.572,0.225,14.9281702,11.30192359
2013,Indonesia,5.292,21.8,26.4,46.7,60.2,39.0,73.8,9.149,0.794,61.86,0.781,0.973,0.777,0.249,13.32936954,7.70258681
2013,Lebanon,4.983,18.4,41.9,50.1,55.4,70.2,86.7,9.808,0.708,65.58,0.655,0.921,0.446,0.409,11.93446988,8.350683302
2013,Egypt,3.559,5.4,25.6,52.4,61.3,38.3,91.2,9.184,0.675,61.88,0.474,0.913,0.487,0.483,11.80953979,8.089978825
2013,Iran,5.14,-11.1,30.3,55.0,48.6,49.5,86.1,9.555,0.664,65.42,0.73,0.685,0.575,0.552,15.21718979,10.04448032
2013,Mongolia,4.913,-26.7,25.6,66.2,27.2,57.4,95.0,9.26,0.935,59.06,0.748,0.928,0.549,0.179,14.46842639,10.36512494
2013,Venezuela,6.553,-39.3,17.9,81.5,41.0,114.4,74.0,9.802,0.896,65.18,0.642,0.837,0.812,0.238,13.94499536,9.381655216
2012,Switzerland,7.776,215.7,138.2,27.6,72.0,147.0,23.0,11.107,0.947,71.52,0.945,0.323,0.793,0.176,15.82800961,13.41355038
2012,Germany,6.702,204.8,118.0,23.9,73.3,87.6,28.4,10.817,0.926,70.04,0.904,0.679,0.699,0.17,17.02317649,13.97772026
2012,United States,7.026,199.6,138.4,53.4,67.8,79.6,32.5,10.93,0.903,66.66,0.823,0.71,0.765,0.26,16.51126432,13.14148045
2012,Sweden,7.56,191.4,108.3,31.8,78.7,110.7,18.8,10.785,0.929,71.28,0.944,0.254,0.796,0.17,15.91219044,12.34175968
2012,Canada,7.415,186.0,111.0,35.0,72.8,95.5,26.5,10.739,0.948,70.92,0.918,0.466,0.776,0.229,15.72655964,13.59659233
2012,Denmark,7.52,182.3,104.6,30.7,86.1,114.1,34.3,10.844,0.951,69.84,0.933,0.187,0.783,0.209,18.6772995,12.70141029
2012,Norway,7.678,173.9,97.3,25.6,80.5,164.9,23.4,11.035,0.948,70.6,0.947,0.368,0.798,0.213,17.45492935,12.64209366
2012,Austria,7.401,167.4,88.6,30.4,81.5,93.1,28.8,10.884,0.945,70.1,0.92,0.771,0.712,0.157,16.30450058,11.75162983
2012,Finland,7.42,167.2,95.6,32.7,76.4,101.7,18.5,10.735,0.928,70.04,0.921,0.361,0.742,0.202,17.10630035,12.4878397
2012,Australia,7.196,165.8,104.2,44.4,75.6,130.7,20.9,10.744,0.945,70.36,0.935,0.368,0.728,0.214,22.75411542,12.29574013
2012,New Zealand,7.25,163.2,85.6,41.8,76.0,110.5,21.8,10.566,0.93,69.84,0.902,0.289,0.786,0.207,19.04188448,13.37806988
2012,Netherlands,7.471,160.5,94.9,37.5,66.8,98.1,28.1,10.856,0.939,70.98,0.877,0.434,0.753,0.226,17.9406395,12.02159977
2012,Japan,5.968,159.8,87.7,13.1,80.1,113.2,33.7,10.565,0.905,73.24,0.753,0.692,0.708,0.171,15.36403029,12.55776577
2012,Estonia,5.364,154.9,54.0,24.2,78.1,67.2,16.4,10.275,0.889,67.46,0.697,0.793,0.627,0.199,16.60737038,13.44874001
2012,France,6.649,151.4,99.2,51.1,85.6,98.9,41.3,10.664,0.937,71.4,0.841,0.608,0.705,0.253,15.48921013,10.9350996
2012,Ireland,6.965,149.6,91.7,45.0,49.0,107.7,29.8,10.887,0.962,70.34,0.902,0.573,0.721,0.237,17.95647049,11.07233159
2012,United Kingdom,6.881,148.1,90.5,39.8,71.3,97.0,36.0,10.662,0.935,69.52,0.889,0.425,0.739,0.184,15.69824028,13.33852959
2012,Belgium,6.935,146.7,95.5,42.9,81.5,103.0,49.6,10.783,0.927,69.52,0.855,0.758,0.718,0.238,19.16010094,11.49960995
2012,Spain,6.291,141.1,83.7,34.1,75.6,79.3,46.5,10.484,0.937,71.24,0.755,0.844,0.644,0.366,16.98982048,9.510689735
2012,South Korea,6.003,135.6,95.6,17.4,80.6,79.7,75.6,10.493,0.775,71.34,0.618,0.844,0.61,0.206,16.75774956,11.82945824
2012,Slovenia,6.063,133.6,60.1,29.6,72.1,78.2,28.2,10.392,0.925,69.52,0.904,0.891,0.598,0.284,16.95046997,12.2800703
2012,South Africa,5.134,123.8,107.4,76.7,61.3,59.5,59.0,9.537,0.907,51.4,0.59,0.838,0.711,0.178,13.54292011,9.93432045
2012,Czechia,6.334,122.2,64.5,34.1,62.0,61.0,40.1,10.425,0.912,67.94,0.74,0.957,0.635,0.257,16.35502052,12.5199604
2012,Portugal,4.994,119.8,54.6,35.0,61.6,71.8,35.0,10.314,0.866,69.78,0.774,0.959,0.631,0.37,16.24886292,8.495369911
2012,Slovakia,5.911,114.6,54.2,35.2,60.0,62.7,34.4,10.185,0.926,66.94,0.62,0.907,0.585,0.302,15.15810966,12.37734985
2012,Lithuania,5.771,114.0,42.8,34.6,70.8,61.0,25.2,10.216,0.919,64.7,0.503,0.957,0.557,0.277,16.95055962,12.56449986
2012,Israel,7.111,99.3,73.5,48.3,87.0,90.2,59.5,10.479,0.903,71.56,0.681,0.862,0.611,0.319,15.0644598,12.68892002
2012,Poland,5.876,90.5,55.6,38.9,57.8,53.3,50.0,10.137,0.936,67.46,0.811,0.888,0.711,0.267,15.70232964,12.78314018
2012,Croatia,6.028,88.9,52.1,32.3,50.0,69.6,42.0,10.092,0.776,67.54,0.542,0.924,0.572,0.271,14.98538971,11.26972198
2012,Mexico,7.32,87.9,60.7,56.2,72.1,52.4,66.1,9.844,0.767,65.38,0.788,0.633,0.722,0.278,13.73157978,8.489919662
2012,Italy,5.839,87.4,75.8,49.5,64.8,98.1,58.9,10.633,0.869,71.3,0.57,0.908,0.651,0.388,16.17141914,10.02369976
2012,Panama,6.86,86.8,37.7,48.5,82.4,50.8,48.1,10.139,0.897,67.82,0.783,0.796,0.838,0.207,12.78280671,9.557323456
2012,Hungary,4.683,85.6,43.5,33.7,51.0,60.8,53.3,10.119,0.906,66.12,0.569,0.93,0.582,0.315,15.49118996,11.83899975
2012,Malaysia,5.914,79.7,71.8,67.7,59.7,54.1,67.4,9.985,0.841,65.56,0.848,0.847,0.744,0.177,12.86585999,9.920810064
2012,Uruguay,6.45,78.3,38.1,45.0,57.2,80.7,30.5,9.949,0.865,67.26,0.871,0.615,0.692,0.214,15.4978199,8.478859901
2012,Turkiye,5.309,74.8,57.3,35.2,71.9,61.7,82.0,10.018,0.739,67.22,0.471,0.702,0.506,0.335,14.67325974,7.487070084
2012,India,4.72,73.7,62.7,42.1,62.7,30.2,77.5,8.423,0.511,58.02,0.609,0.83,0.544,0.295,11.31567955,5.39910593
2012,Chile,6.599,72.6,58.0,40.3,61.5,66.4,74.2,10.063,0.855,68.86,0.734,0.782,0.736,0.288,15.41316986,9.776545048
2012,Argentina,6.468,72.5,51.1,59.3,78.3,69.7,55.6,10.091,0.902,66.54,0.747,0.817,0.744,0.272,17.23535919,10.78507042
2012,Bosnia and Herzegovina,4.773,71.6,47.3,43.3,54.5,50.6,67.6,9.31,0.779,67.0,0.42,0.953,0.469,0.338,13.37152958,7.890076637
2012,Serbia,5.155,63.7,37.0,41.2,55.6,51.1,52.8,9.609,0.819,65.98,0.461,0.952,0.447,0.371,14.13745022,10.56832504
2012,Romania,5.167,57.8,36.4,30.0,46.1,49.5,63.3,9.997,0.74,65.76,0.645,0.959,0.52,0.343,14.68935966,10.95590019
2012,Greece,5.096,55.5,50.3,49.8,50.4,88.1,62.7,10.251,0.812,70.16,0.373,0.959,0.544,0.352,17.46416092,10.40212488
2012,Thailand,6.3,54.1,35.4,40.5,94.7,51.3,72.1,9.624,0.906,67.46,0.847,0.909,0.733,0.138,13.99042034,7.809883277
2012,Bulgaria,4.222,53.7,38.0,41.5,54.6,51.4,78.9,9.848,0.838,65.48,0.641,0.938,0.51,0.237,14.56939983,10.89634037
2012,Brazil,6.66,48.2,41.4,62.6,57.6,69.9,56.5,9.644,0.89,64.22,0.849,0.623,0.685,0.35,13.95289993,7.215769768
2012,Ecuador,5.961,37.7,26.0,59.7,64.8,46.0,58.5,9.343,0.785,66.48,0.825,0.73,0.767,0.333,15.00541973,8.097470284
2012,Georgia,4.254,35.7,29.0,19.6,69.0,53.2,64.8,9.332,0.533,63.9,0.659,0.321,0.443,0.25,14.59766984,12.49629974
2012,Colombia,6.375,35.1,29.4,54.2,77.3,57.2,68.3,9.468,0.914,67.64,0.828,0.868,0.829,0.294,14.18010044,7.625860214
2012,Ukraine,5.03,31.9,32.3,48.9,47.9,48.0,67.3,9.472,0.898,62.84,0.564,0.896,0.509,0.193,15.05902958,11.37093677
2012,Philippines,5.002,21.1,26.0,54.9,73.7,47.8,74.8,8.748,0.813,61.72,0.914,0.771,0.811,0.351,12.00397377,9.068983396
2012,Mongolia,4.885,14.1,28.4,46.9,43.1,61.9,89.0,9.168,0.919,58.64,0.688,0.932,0.524,0.181,14.46146086,10.25733995
2012,Lebanon,4.573,12.5,44.1,47.3,43.3,73.9,88.0,9.863,0.713,65.52,0.621,0.856,0.442,0.339,11.87787575,8.30175666
2012,Pakistan,5.132,7.7,26.4,61.5,47.9,32.8,87.0,8.331,0.542,55.02,0.367,0.842,0.51,0.332,6.139200211,4.818150043
2012,Egypt,4.204,7.6,27.4,48.7,59.1,44.1,89.9,9.186,0.737,61.82,0.452,0.88,0.458,0.398,11.57713032,7.851046129
2012,Iran,4.609,-7.0,35.8,56.1,45.7,57.0,90.2,9.585,0.6,65.28,0.764,0.678,0.529,0.525,15.37275028,9.885310173
2012,Indonesia,5.368,-12.5,24.6,40.5,48.5,46.0,85.1,9.107,0.834,61.64,0.77,0.962,0.764,0.229,13.29708958,7.608673414
2012,Venezuela,7.067,-48.3,18.7,85.7,44.4,110.6,81.9,9.862,0.932,65.22,0.804,0.743,0.844,0.176,13.98872301,9.251977682
2011,Germany,6.621,184.4,114.2,21.2,72.0,92.8,45.1,10.815,0.947,70.02,0.906,0.677,0.686,0.165,16.95152342,13.93054962
2011,New Zealand,7.191,174.3,88.6,46.8,86.8,107.4,17.1,10.549,0.954,69.82,0.935,0.269,0.784,0.21,18.91256916,13.39171028
2011,Sweden,7.382,171.7,99.3,36.2,86.8,109.0,32.5,10.799,0.921,71.24,0.941,0.269,0.762,0.179,15.87300014,12.27527046
2011,Canada,7.426,165.0,110.7,39.8,72.0,101.7,41.6,10.733,0.922,70.86,0.951,0.433,0.803,0.248,15.24262047,13.56276035
2011,Denmark,7.788,163.1,99.3,45.3,89.8,125.7,34.2,10.845,0.962,69.62,0.935,0.22,0.778,0.175,18.35436058,12.46644974
2011,Australia,7.406,162.0,108.7,40.6,79.1,130.3,37.2,10.723,0.967,70.28,0.945,0.382,0.724,0.195,22.58959368,12.11583996
2011,Austria,7.471,159.9,98.8,44.1,83.2,98.4,42.8,10.881,0.944,70.0,0.939,0.703,0.672,0.145,16.17313004,11.71115017
2011,Netherlands,7.564,158.1,93.7,28.4,70.4,108.5,41.7,10.87,0.938,70.94,0.925,0.359,0.77,0.181,17.88151932,11.9578104
2011,United States,7.115,140.6,118.7,64.9,65.5,85.5,61.3,10.914,0.922,66.68,0.863,0.697,0.737,0.273,16.45366955,13.10287952
2011,Japan,6.263,130.5,83.6,5.7,96.1,136.7,52.5,10.549,0.917,73.12,0.814,0.734,0.714,0.181,15.33269106,12.54383268
2011,Ireland,7.007,125.1,84.8,46.1,41.1,114.3,45.2,10.891,0.977,70.22,0.952,0.59,0.786,0.19,17.93795967,10.99995995
2011,Slovenia,6.036,121.9,57.2,35.7,82.9,78.6,35.0,10.421,0.931,69.36,0.907,0.893,0.587,0.285,16.93592072,12.21228981
2011,France,6.959,119.5,90.9,44.8,80.7,103.9,61.8,10.666,0.921,71.3,0.903,0.627,0.718,0.281,15.4170599,10.85153961
2011,Israel,7.433,118.2,73.8,40.8,91.7,98.7,48.8,10.472,0.893,71.48,0.722,0.891,0.654,0.384,15.04598045,12.5978899
2011,United Kingdom,6.869,110.1,89.8,46.0,76.0,109.4,64.4,10.655,0.949,69.46,0.9,0.438,0.742,0.174,15.77952957,13.18756962
2011,Portugal,5.22,105.1,56.9,40.6,70.0,74.0,51.9,10.352,0.856,69.54,0.875,0.962,0.671,0.279,16.20361733,8.277119637
2011,Spain,6.518,100.9,86.2,33.0,69.9,84.5,85.6,10.515,0.944,71.12,0.819,0.846,0.667,0.356,16.7514801,9.484009743
2011,Belgium,7.111,100.7,84.6,40.6,82.2,114.3,88.3,10.782,0.937,69.36,0.88,0.711,0.752,0.225,19.04887962,11.46986961
2011,Croatia,5.385,93.1,50.7,32.4,65.0,70.8,49.9,10.113,0.79,67.42,0.517,0.977,0.552,0.273,14.81812,11.14391041
2011,Czechia,6.331,88.1,58.4,36.6,65.0,65.2,66.0,10.434,0.914,67.82,0.787,0.95,0.623,0.253,16.36347008,12.46833038
2011,Singapore,6.561,87.1,91.2,20.2,59.0,101.0,70.8,11.305,0.904,72.48,0.822,0.099,0.404,0.144,16.28579801,11.24769974
2011,South Africa,4.931,83.6,100.0,78.1,59.5,76.9,89.0,9.527,0.858,50.5,0.835,0.819,0.72,0.23,13.52140289,9.693719864
2011,Turkiye,5.272,66.7,52.8,26.4,70.0,68.1,89.2,9.986,0.692,67.06,0.446,0.649,0.512,0.38,14.50026035,7.358980179
2011,Malaysia,5.786,65.3,72.1,70.9,69.1,56.0,91.2,9.948,0.77,65.48,0.84,0.842,0.785,0.155,12.64017963,9.809384982
2011,Poland,5.646,60.6,58.9,38.7,55.8,53.0,83.8,10.122,0.905,67.28,0.868,0.908,0.659,0.224,15.66082001,12.55062008
2011,Mexico,6.91,60.3,59.3,62.5,80.1,56.4,93.5,9.822,0.824,65.24,0.831,0.698,0.7,0.228,13.46401978,8.247494698
2011,Italy,6.057,49.7,67.7,56.7,67.8,99.1,85.5,10.666,0.913,71.2,0.568,0.933,0.61,0.266,16.38994026,9.897959709
2011,Hungary,4.918,48.7,38.1,30.5,60.0,63.4,90.2,10.127,0.894,65.96,0.631,0.94,0.586,0.305,15.50327969,11.92125034
2011,India,4.635,44.0,62.1,45.6,59.4,34.3,102.9,8.383,0.553,57.66,0.838,0.908,0.48,0.232,11.07042027,5.301909924
2011,Indonesia,5.173,37.2,20.1,23.9,94.1,51.5,43.8,9.061,0.825,61.42,0.878,0.962,0.748,0.273,12.96133041,7.514760017
2011,Serbia,4.815,34.6,31.1,28.7,57.4,54.3,81.0,9.611,0.773,65.84,0.44,0.977,0.458,0.41,13.57139969,10.57170963
2011,Argentina,6.776,32.6,40.5,48.4,76.7,68.1,90.0,10.112,0.889,66.42,0.816,0.755,0.769,0.232,17.26371956,10.69979
2011,Bulgaria,3.875,30.8,34.7,41.4,60.3,53.7,98.5,9.834,0.86,65.34,0.664,0.948,0.49,0.271,14.58668041,10.78184986
2011,Bosnia and Herzegovina,4.995,28.0,42.9,40.3,57.4,53.4,112.4,9.3,0.725,67.0,0.333,0.925,0.551,0.326,13.18472958,7.238110065
2011,Romania,5.023,25.5,33.2,29.6,48.4,50.9,91.9,9.973,0.753,65.58,0.65,0.964,0.501,0.294,15.56466007,10.85896015
2011,Thailand,6.664,24.9,33.4,39.7,92.6,52.9,101.6,9.561,0.884,67.28,0.927,0.923,0.834,0.117,14.16273022,7.710706552
2011,Colombia,6.464,23.4,29.0,47.2,88.9,61.7,91.5,9.44,0.904,67.42,0.811,0.847,0.785,0.286,14.50032043,7.518929958
2011,Greece,5.372,23.3,45.0,52.0,51.8,97.9,87.8,10.32,0.852,70.08,0.528,0.941,0.552,0.323,17.31554031,10.30519748
2011,Chile,6.526,21.0,51.0,56.4,59.3,70.2,103.8,10.013,0.819,68.68,0.701,0.753,0.758,0.317,15.31116009,9.544130325
2011,Brazil,7.038,10.8,31.7,59.3,59.1,87.6,82.9,9.634,0.916,64.06,0.834,0.662,0.698,0.268,13.90452539,7.006090164
2011,Pakistan,5.267,-3.1,26.2,58.7,60.4,36.4,101.3,8.314,0.51,54.76,0.376,0.857,0.473,0.358,6.036690235,4.721109867
2011,Philippines,4.994,-3.8,28.4,53.1,76.1,44.8,116.7,8.699,0.789,61.66,0.883,0.783,0.808,0.358,11.77592583,8.991986911
2011,Ukraine,5.083,-14.6,27.2,55.4,40.3,51.7,100.2,9.468,0.859,62.52,0.579,0.933,0.539,0.22,15.03600025,11.43994995
2011,Egypt,4.174,-22.2,27.2,44.3,65.7,50.8,125.7,9.186,0.753,61.76,0.59,0.859,0.456,0.353,11.21022987,7.612113432
2011,Iran,4.768,-35.2,46.4,51.9,43.4,54.3,131.8,9.636,0.582,65.14,0.798,0.665,0.513,0.359,13.95835018,9.798224926
