country_name,year,life_ladder,log_gdp_per_capita,social_support
Afghanistan,2008,3.724,7.35,0.451
Afghanistan,2009,4.402,7.509,0.552
Afghanistan,2010,4.758,7.614,0.539
Afghanistan,2011,3.832,7.581,0.521
Afghanistan,2012,3.783,7.661,0.521
Afghanistan,2013,3.572,7.68,0.484
Afghanistan,2014,3.131,7.671,0.526
Afghanistan,2015,3.983,7.654,0.529
Afghanistan,2016,4.22,7.65,0.559
Afghanistan,2017,2.662,7.648,0.491
Afghanistan,2018,2.694,7.631,0.508
Afghanistan,2019,2.375,7.64,0.42
Afghanistan,2021,2.436,7.324,0.454
Albania,2007,4.634,9.122,0.821
Albania,2009,5.485,9.241,0.833
Albania,2010,5.269,9.283,0.733
Albania,2011,5.867,9.311,0.759
Albania,2012,5.51,9.326,0.785
Albania,2013,4.551,9.338,0.759
Albania,2014,4.814,9.358,0.626
Albania,2015,4.607,9.383,0.639
Albania,2016,4.511,9.417,0.638
Albania,2017,4.64,9.455,0.638
Albania,2018,5.004,9.497,0.684
Albania,2019,4.995,9.522,0.686
Albania,2020,5.365,9.492,0.71
Albania,2021,5.255,9.583,0.702
Albania,2022,5.212,9.626,0.724
Algeria,2011,5.317,9.316,0.81
Algeria,2012,5.605,9.33,0.839
Algeria,2014,6.355,9.355,0.818
Algeria,2016,5.341,9.383,0.749
Algeria,2017,5.249,9.377,0.807
Algeria,2018,5.043,9.37,0.799
Algeria,2019,4.745,9.361,0.803
Algeria,2020,5.438,9.291,0.868
Algeria,2021,5.217,9.309,0.841
Angola,2011,5.589,8.944,0.723
Angola,2012,4.36,8.989,0.753
Angola,2013,3.937,9.0,0.722
Angola,2014,3.795,9.01,0.755
Argentina,2006,6.313,9.937,0.938
Argentina,2007,6.073,10.013,0.862
Argentina,2008,5.961,10.043,0.892
Argentina,2009,6.424,9.972,0.919
Argentina,2010,6.441,10.066,0.927
Argentina,2011,6.776,10.112,0.889
Argentina,2012,6.468,10.091,0.902
Argentina,2013,6.582,10.103,0.91
Argentina,2014,6.671,10.067,0.918
Argentina,2015,6.697,10.083,0.926
Argentina,2016,6.427,10.051,0.883
Argentina,2017,6.039,10.069,0.907
Argentina,2018,5.793,10.032,0.9
Argentina,2019,6.086,10.002,0.896
Argentina,2020,5.901,9.888,0.897
Argentina,2021,5.908,9.977,0.882
Argentina,2022,6.261,10.011,0.893
Armenia,2006,4.289,9.021,0.682
Armenia,2007,4.882,9.157,0.76
Armenia,2008,4.652,9.23,0.709
Armenia,2009,4.178,9.085,0.68
Armenia,2010,4.368,9.113,0.66
Armenia,2011,4.26,9.164,0.705
Armenia,2012,4.32,9.239,0.676
Armenia,2013,4.277,9.276,0.723
Armenia,2014,4.453,9.315,0.739
Armenia,2015,4.348,9.351,0.723
Armenia,2016,4.325,9.357,0.709
Armenia,2017,4.288,9.434,0.698
Armenia,2018,5.062,9.49,0.814
Armenia,2019,5.488,9.569,0.782
Armenia,2021,5.301,9.561,0.762
Armenia,2022,5.382,9.668,0.811
Australia,2005,7.341,10.662,0.968
Australia,2007,7.285,10.694,0.965
Australia,2008,7.254,10.709,0.947
Australia,2010,7.45,10.714,0.955
Australia,2011,7.406,10.723,0.967
Australia,2012,7.196,10.744,0.945
Australia,2013,7.364,10.752,0.928
Australia,2014,7.289,10.763,0.924
Australia,2015,7.309,10.77,0.952
Australia,2016,7.25,10.781,0.942
Australia,2017,7.257,10.787,0.95
Australia,2018,7.177,10.801,0.94
Australia,2019,7.234,10.807,0.943
Australia,2020,7.137,10.794,0.937
Australia,2021,7.112,10.815,0.92
Australia,2022,7.035,10.854,0.942
Austria,2006,7.122,10.836,0.936
Austria,2008,7.181,10.881,0.935
Austria,2010,7.303,10.856,0.914
Austria,2011,7.471,10.881,0.944
Austria,2012,7.401,10.884,0.945
Austria,2013,7.499,10.878,0.95
Austria,2014,6.95,10.877,0.899
Austria,2015,7.076,10.876,0.928
Austria,2016,7.048,10.885,0.926
Austria,2017,7.294,10.9,0.906
Austria,2018,7.396,10.919,0.912
Austria,2019,7.195,10.93,0.964
Austria,2020,7.213,10.859,0.925
Austria,2021,7.08,10.899,0.863
Austria,2022,6.999,10.939,0.876
Azerbaijan,2006,4.728,9.154,0.854
Azerbaijan,2007,4.568,9.366,0.753
Azerbaijan,2008,4.817,9.447,0.684
Azerbaijan,2009,4.574,9.515,0.736
Azerbaijan,2010,4.219,9.553,0.687
Azerbaijan,2011,4.68,9.541,0.725
Azerbaijan,2012,4.911,9.549,0.762
Azerbaijan,2013,5.481,9.592,0.77
Azerbaijan,2014,5.252,9.607,0.799
Azerbaijan,2015,5.147,9.606,0.786
Azerbaijan,2016,5.304,9.563,0.777
Azerbaijan,2017,5.152,9.555,0.787
Azerbaijan,2018,5.168,9.562,0.781
Azerbaijan,2019,5.173,9.578,0.887
Bahrain,2009,5.701,10.714,0.904
Bahrain,2010,5.937,10.728,0.877
Bahrain,2011,4.824,10.749,0.908
Bahrain,2012,5.027,10.775,0.911
Bahrain,2013,6.69,10.798,0.884
Bahrain,2015,6.007,10.788,0.853
Bahrain,2016,6.17,10.789,0.863
Bahrain,2017,6.227,10.798,0.876
Bahrain,2019,7.098,10.815,0.878
Bahrain,2020,6.173,10.776,0.848
Bangladesh,2006,4.319,7.94,0.672
Bangladesh,2007,4.607,7.997,0.514
Bangladesh,2008,5.052,8.047,0.467
Bangladesh,2009,5.083,8.087,0.528
Bangladesh,2010,4.858,8.13,0.549
Bangladesh,2011,4.986,8.181,0.606
Bangladesh,2012,4.724,8.231,0.582
Bangladesh,2013,4.66,8.277,0.53
Bangladesh,2014,4.636,8.323,0.577
Bangladesh,2015,4.633,8.375,0.601
Bangladesh,2016,4.556,8.431,0.649
Bangladesh,2017,4.31,8.483,0.713
Bangladesh,2018,4.499,8.542,0.706
Bangladesh,2019,5.114,8.607,0.673
Bangladesh,2020,5.28,8.629,0.739
Bangladesh,2021,4.123,8.685,0.485
Bangladesh,2022,3.408,8.743,0.404
Belarus,2006,5.658,9.489,0.918
Belarus,2007,5.617,9.576,0.858
Belarus,2008,5.463,9.677,0.904
Belarus,2009,5.564,9.681,0.908
Belarus,2010,5.526,9.759,0.918
Belarus,2011,5.225,9.813,0.91
Belarus,2012,5.749,9.832,0.902
Belarus,2013,5.876,9.842,0.923
Belarus,2014,5.812,9.858,0.88
Belarus,2015,5.719,9.818,0.924
Belarus,2016,5.178,9.792,0.927
Belarus,2017,5.553,9.818,0.9
Belarus,2018,5.234,9.851,0.905
Belarus,2019,5.821,9.867,0.917
Belgium,2005,7.262,10.744,0.935
Belgium,2007,7.219,10.791,0.922
Belgium,2008,7.117,10.788,0.923
Belgium,2010,6.854,10.778,0.931
Belgium,2011,7.111,10.782,0.937
Belgium,2012,6.935,10.783,0.927
Belgium,2013,7.104,10.783,0.909
Belgium,2014,6.855,10.794,0.944
Belgium,2015,6.904,10.809,0.885
Belgium,2016,6.949,10.816,0.929
Belgium,2017,6.928,10.829,0.922
Belgium,2018,6.892,10.842,0.93
Belgium,2019,6.772,10.859,0.884
Belgium,2020,6.839,10.799,0.904
Belgium,2021,6.882,10.854,0.915
Belgium,2022,6.857,10.878,0.923
Belize,2007,6.451,9.192,0.872
Belize,2014,5.956,9.135,0.757
Benin,2006,3.33,7.844,0.445
Benin,2008,3.667,7.891,0.382
Benin,2011,3.87,7.876,0.477
Benin,2012,3.193,7.894,0.523
Benin,2013,3.479,7.935,0.577
Benin,2014,3.347,7.967,0.506
Benin,2015,3.625,7.955,0.434
Benin,2016,4.007,7.958,0.493
Benin,2017,4.853,7.984,0.436
Benin,2018,5.82,8.02,0.504
Benin,2019,4.976,8.057,0.442
Benin,2020,4.408,8.067,0.507
Benin,2021,4.493,8.108,0.436
Benin,2022,4.217,8.137,0.366
Bhutan,2013,5.569,9.097,0.819
Bhutan,2014,4.939,9.143,0.88
Bhutan,2015,5.082,9.198,0.848
Bolivia,2006,5.374,8.671,0.834
Bolivia,2007,5.628,8.698,0.796
Bolivia,2008,5.298,8.74,0.785
Bolivia,2009,6.086,8.756,0.831
Bolivia,2010,5.781,8.78,0.807
Bolivia,2011,5.779,8.813,0.817
Bolivia,2012,6.019,8.847,0.781
Bolivia,2013,5.767,8.896,0.803
Bolivia,2014,5.865,8.933,0.821
Bolivia,2015,5.834,8.965,0.829
Bolivia,2016,5.77,8.991,0.796
Bolivia,2017,5.651,9.017,0.779
Bolivia,2018,5.916,9.044,0.827
Bolivia,2019,5.674,9.051,0.784
Bolivia,2020,5.559,8.946,0.805
Bolivia,2021,5.569,8.994,0.798
Bolivia,2022,5.929,9.014,0.824
Bosnia and Herzegovina,2007,4.9,9.191,0.766
Bosnia and Herzegovina,2009,4.963,9.246,0.735
Bosnia and Herzegovina,2010,4.669,9.272,0.773
Bosnia and Herzegovina,2011,4.995,9.3,0.725
Bosnia and Herzegovina,2012,4.773,9.31,0.779
Bosnia and Herzegovina,2013,5.124,9.349,0.767
Bosnia and Herzegovina,2014,5.249,9.373,0.788
Bosnia and Herzegovina,2015,5.117,9.417,0.656
Bosnia and Herzegovina,2016,5.181,9.46,0.808
Bosnia and Herzegovina,2017,5.09,9.503,0.775
Bosnia and Herzegovina,2018,5.887,9.552,0.836
Bosnia and Herzegovina,2019,6.016,9.591,0.873
Bosnia and Herzegovina,2020,5.516,9.572,0.899
Bosnia and Herzegovina,2021,5.749,9.659,0.86
Botswana,2006,4.739,9.495,0.883
Botswana,2008,5.451,9.543,0.832
Botswana,2010,3.553,9.446,0.866
Botswana,2011,3.52,9.492,0.86
Botswana,2012,4.836,9.471,0.837
Botswana,2013,4.128,9.557,0.856
Botswana,2014,4.031,9.593,0.859
Botswana,2015,3.762,9.524,0.816
Botswana,2016,3.499,9.573,0.768
Botswana,2017,3.505,9.593,0.768
Botswana,2018,3.461,9.613,0.795
Botswana,2019,3.471,9.624,0.774
Botswana,2022,3.435,9.629,0.75
Brazil,2005,6.637,9.435,0.883
Brazil,2007,6.321,9.512,0.886
Brazil,2008,6.691,9.552,0.878
Brazil,2009,7.001,9.541,0.913
Brazil,2010,6.837,9.604,0.906
Brazil,2011,7.038,9.634,0.916
Brazil,2012,6.66,9.644,0.89
Brazil,2013,7.14,9.665,0.91
Brazil,2014,6.981,9.661,0.898
Brazil,2015,6.547,9.617,0.907
Brazil,2016,6.375,9.575,0.912
Brazil,2017,6.333,9.58,0.905
Brazil,2018,6.191,9.59,0.882
Brazil,2019,6.451,9.595,0.899
Brazil,2020,6.11,9.548,0.831
Brazil,2021,6.01,9.588,0.814
Brazil,2022,6.257,9.611,0.866
Bulgaria,2007,3.844,9.746,0.832
Bulgaria,2010,3.912,9.807,0.843
Bulgaria,2011,3.875,9.834,0.86
Bulgaria,2012,4.222,9.848,0.838
Bulgaria,2013,3.993,9.848,0.829
Bulgaria,2014,4.438,9.863,0.886
Bulgaria,2015,4.865,9.903,0.908
Bulgaria,2016,4.838,9.94,0.926
Bulgaria,2017,5.097,9.975,0.942
Bulgaria,2018,5.099,10.008,0.924
Bulgaria,2019,5.108,10.055,0.948
Bulgaria,2020,5.598,10.021,0.916
Bulgaria,2021,5.422,10.102,0.884
Bulgaria,2022,5.378,10.138,0.953
Burkina Faso,2006,3.801,7.327,0.796
Burkina Faso,2007,4.017,7.337,0.771
Burkina Faso,2008,3.846,7.364,0.727
Burkina Faso,2010,4.036,7.416,0.773
Burkina Faso,2011,4.785,7.45,0.71
Burkina Faso,2012,3.955,7.482,0.744
Burkina Faso,2013,3.326,7.509,0.745
Burkina Faso,2014,3.481,7.521,0.742
Burkina Faso,2015,4.419,7.53,0.705
Burkina Faso,2016,4.206,7.558,0.764
Burkina Faso,2017,4.647,7.59,0.785
Burkina Faso,2018,4.927,7.626,0.665
Burkina Faso,2019,4.741,7.654,0.683
Burkina Faso,2020,4.64,7.647,0.668
Burkina Faso,2021,4.636,7.687,0.658
Burundi,2008,3.563,6.7,0.291
Burundi,2009,3.792,6.687,0.326
Burundi,2011,3.706,6.694,0.422
Burundi,2014,2.905,6.723,0.565
Burundi,2018,3.775,6.607,0.485
Cambodia,2006,3.569,7.746,0.793
Cambodia,2007,4.156,7.826,0.675
Cambodia,2008,4.462,7.874,0.619
Cambodia,2009,4.111,7.86,0.818
Cambodia,2010,4.141,7.904,0.697
Cambodia,2011,4.161,7.957,0.716
Cambodia,2012,3.899,8.013,0.606
Cambodia,2013,3.674,8.07,0.651
Cambodia,2014,3.883,8.125,0.693
Cambodia,2015,4.162,8.179,0.729
Cambodia,2016,4.461,8.233,0.746
Cambodia,2017,4.586,8.287,0.765
Cambodia,2018,5.122,8.347,0.795
Cambodia,2019,4.998,8.404,0.759
Cambodia,2020,4.377,8.361,0.724
Cambodia,2021,4.555,8.379,0.713
Cambodia,2022,4.25,8.415,0.784
Cameroon,2006,3.851,8.09,0.69
Cameroon,2007,4.35,8.104,0.717
Cameroon,2008,4.292,8.104,0.697
Cameroon,2009,4.741,8.101,0.729
Cameroon,2010,4.554,8.101,0.759
Cameroon,2011,4.434,8.106,0.738
Cameroon,2012,4.245,8.123,0.743
Cameroon,2013,4.271,8.144,0.76
Cameroon,2014,4.24,8.169,0.778
Cameroon,2015,5.038,8.193,0.646
Cameroon,2016,4.816,8.207,0.659
Cameroon,2017,5.074,8.214,0.695
Cameroon,2018,5.251,8.225,0.677
Cameroon,2019,4.937,8.231,0.711
Cameroon,2020,5.241,8.207,0.72
Cameroon,2021,4.963,8.216,0.695
Cameroon,2022,4.712,8.227,0.629
Canada,2005,7.418,10.707,0.962
Canada,2008,7.486,10.733,0.939
Canada,2009,7.488,10.692,0.943
Canada,2010,7.65,10.711,0.954
Canada,2011,7.426,10.733,0.922
Canada,2012,7.415,10.739,0.948
Canada,2013,7.594,10.752,0.936
Canada,2014,7.304,10.77,0.918
Canada,2015,7.413,10.769,0.939
Canada,2016,7.245,10.768,0.924
Canada,2017,7.415,10.786,0.934
Canada,2018,7.175,10.799,0.923
Canada,2019,7.109,10.803,0.925
Canada,2020,7.025,10.738,0.931
Canada,2021,6.939,10.777,0.926
Canada,2022,6.918,10.803,0.929
Central African Republic,2007,4.16,6.946,0.532
Central African Republic,2010,3.568,7.031,0.483
Central African Republic,2011,3.678,7.057,0.387
Central African Republic,2016,2.693,6.707,0.29
Central African Republic,2017,3.476,6.733,0.32
Chad,2006,3.435,7.369,0.724
Chad,2007,4.141,7.368,0.479
Chad,2008,4.632,7.363,0.571
Chad,2009,3.639,7.369,0.646
Chad,2010,3.743,7.462,0.734
Chad,2011,4.393,7.428,0.819
Chad,2012,4.033,7.478,0.673
Chad,2013,3.508,7.498,0.714
Chad,2014,3.46,7.529,0.733
Chad,2015,4.323,7.525,0.751
Chad,2016,4.029,7.429,0.616
Chad,2017,4.559,7.365,0.661
Chad,2018,4.486,7.355,0.577
Chad,2019,4.251,7.354,0.64
Chad,2022,4.397,7.261,0.72
Chile,2006,6.063,9.87,0.836
Chile,2007,5.698,9.91,0.815
Chile,2008,5.789,9.938,0.804
Chile,2009,6.494,9.916,0.832
Chile,2010,6.636,9.963,0.857
Chile,2011,6.526,10.013,0.819
Chile,2012,6.599,10.063,0.855
Chile,2013,6.74,10.086,0.862
Chile,2014,6.844,10.094,0.862
Chile,2015,6.533,10.105,0.827
Chile,2016,6.579,10.11,0.841
Chile,2017,6.32,10.108,0.88
Chile,2018,6.436,10.13,0.89
Chile,2019,5.942,10.119,0.869
Chile,2020,6.151,10.044,0.888
Chile,2021,6.436,10.144,0.891
Chile,2022,6.415,10.154,0.887
China,2006,4.56,8.696,0.747
China,2007,4.863,8.824,0.811
China,2008,4.846,8.911,0.748
China,2009,4.454,8.996,0.798
China,2010,4.653,9.092,0.768
China,2011,5.037,9.178,0.787
China,2012,5.095,9.247,0.788
China,2013,5.241,9.315,0.778
China,2014,5.196,9.38,0.82
China,2015,5.304,9.442,0.794
China,2016,5.325,9.503,0.742
China,2017,5.099,9.564,0.772
China,2018,5.131,9.625,0.788
China,2019,5.144,9.679,0.822
China,2020,5.771,9.699,0.808
China,2021,5.863,9.776,0.856
Colombia,2006,6.025,9.277,0.91
Colombia,2007,6.138,9.33,0.894
Colombia,2008,6.168,9.351,0.88
Colombia,2009,6.272,9.351,0.886
Colombia,2010,6.408,9.383,0.893
Colombia,2011,6.464,9.44,0.904
Colombia,2012,6.375,9.468,0.914
Colombia,2013,6.607,9.508,0.901
Colombia,2014,6.449,9.542,0.907
Colombia,2015,6.388,9.562,0.89
Colombia,2016,6.234,9.572,0.882
Colombia,2017,6.157,9.57,0.909
Colombia,2018,5.984,9.577,0.871
Colombia,2019,6.35,9.59,0.873
Colombia,2020,5.709,9.502,0.797
Colombia,2021,5.29,9.592,0.793
Colombia,2022,5.892,9.66,0.877
Comoros,2009,3.476,7.999,0.629
Comoros,2010,3.812,8.015,0.721
Comoros,2011,3.838,8.034,0.722
Comoros,2012,3.956,8.044,0.719
Comoros,2018,3.973,8.1,0.621
Comoros,2019,4.609,8.099,0.632
Comoros,2022,3.545,8.075,0.472
Congo (Brazzaville),2008,3.82,8.39,0.555
Congo (Brazzaville),2011,4.51,8.502,0.637
Congo (Brazzaville),2012,3.919,8.569,0.622
Congo (Brazzaville),2013,3.955,8.538,0.68
Congo (Brazzaville),2014,4.056,8.579,0.686
Congo (Brazzaville),2015,4.691,8.519,0.642
Congo (Brazzaville),2016,4.119,8.381,0.615
Congo (Brazzaville),2017,4.884,8.312,0.655
Congo (Brazzaville),2018,5.49,8.239,0.621
Congo (Brazzaville),2019,5.213,8.215,0.625
Congo (Brazzaville),2020,5.079,8.127,0.597
Congo (Brazzaville),2021,4.921,8.082,0.568
Congo (Brazzaville),2022,5.805,8.077,0.646
Congo (Kinshasa),2009,3.984,6.699,0.733
Congo (Kinshasa),2011,4.517,6.769,0.744
Congo (Kinshasa),2012,4.639,6.803,0.77
Congo (Kinshasa),2013,4.497,6.851,0.83
Congo (Kinshasa),2014,4.414,6.907,0.822
Congo (Kinshasa),2015,3.903,6.94,0.767
Congo (Kinshasa),2016,4.522,6.929,0.864
Congo (Kinshasa),2017,4.311,6.931,0.67
Congo (Kinshasa),2022,3.207,7.007,0.654
Costa Rica,2006,7.082,9.607,0.937
Costa Rica,2007,7.432,9.672,0.918
Costa Rica,2008,6.851,9.704,0.916
Costa Rica,2009,7.615,9.682,0.9
Costa Rica,2010,7.271,9.721,0.915
Costa Rica,2011,7.229,9.752,0.892
Costa Rica,2012,7.272,9.788,0.902
Costa Rica,2013,7.158,9.801,0.902
Costa Rica,2014,7.247,9.824,0.914
Costa Rica,2015,6.854,9.85,0.878
Costa Rica,2016,7.136,9.881,0.901
Costa Rica,2017,7.225,9.912,0.922
Costa Rica,2018,7.141,9.928,0.876
Costa Rica,2019,6.998,9.944,0.906
Costa Rica,2020,6.338,9.895,0.834
Costa Rica,2021,6.408,9.962,0.876
Costa Rica,2022,7.077,9.998,0.902
Croatia,2007,5.821,10.174,0.91
Croatia,2009,5.433,10.12,0.861
Croatia,2010,5.596,10.11,0.796
Croatia,2011,5.385,10.113,0.79
Croatia,2012,6.028,10.092,0.776
Croatia,2013,5.885,10.091,0.751
Croatia,2014,5.381,10.091,0.646
Croatia,2015,5.205,10.124,0.768
Croatia,2016,5.417,10.166,0.798
Croatia,2017,5.343,10.211,0.77
Croatia,2018,5.536,10.248,0.91
Croatia,2019,5.626,10.287,0.936
Croatia,2020,6.508,10.202,0.923
Croatia,2021,6.287,10.362,0.918
Croatia,2022,5.579,10.458,0.91
Cyprus,2006,6.238,10.568,0.878
Cyprus,2009,6.833,10.56,0.812
Cyprus,2010,6.387,10.556,0.822
Cyprus,2011,6.69,10.535,0.844
Cyprus,2012,6.181,10.484,0.767
Cyprus,2013,5.439,10.418,0.744
Cyprus,2014,5.627,10.412,0.77
Cyprus,2015,5.439,10.451,0.77
Cyprus,2016,5.795,10.51,0.786
Cyprus,2017,6.062,10.556,0.819
Cyprus,2018,6.276,10.599,0.826
Cyprus,2019,6.137,10.639,0.776
Cyprus,2020,6.26,10.583,0.806
Cyprus,2021,6.269,10.638,0.855
Czechia,2005,6.439,10.322,0.919
Czechia,2007,6.5,10.433,0.9
Czechia,2010,6.25,10.419,0.934
Czechia,2011,6.331,10.434,0.914
Czechia,2012,6.334,10.425,0.912
Czechia,2013,6.698,10.424,0.888
Czechia,2014,6.484,10.445,0.878
Czechia,2015,6.608,10.496,0.911
Czechia,2016,6.736,10.519,0.931
Czechia,2017,6.79,10.567,0.901
Czechia,2018,7.034,10.595,0.929
Czechia,2020,6.897,10.562,0.964
Czechia,2021,6.942,10.615,0.95
Czechia,2022,6.695,10.656,0.944
Denmark,2005,8.019,10.849,0.972
Denmark,2007,7.834,10.889,0.954
Denmark,2008,7.971,10.878,0.954
Denmark,2009,7.683,10.822,0.939
Denmark,2010,7.771,10.836,0.975
Denmark,2011,7.788,10.845,0.962
Denmark,2012,7.52,10.844,0.951
Denmark,2013,7.589,10.849,0.965
Denmark,2014,7.508,10.86,0.956
Denmark,2015,7.514,10.876,0.96
Denmark,2016,7.558,10.9,0.954
Denmark,2017,7.594,10.922,0.952
Denmark,2018,7.649,10.936,0.958
Denmark,2019,7.693,10.948,0.958
Denmark,2020,7.515,10.924,0.947
Denmark,2021,7.699,10.968,0.945
Denmark,2022,7.545,10.994,0.97
Djibouti,2008,5.009,8.115,0.69
Djibouti,2009,4.906,8.014,0.901
Djibouti,2011,4.369,8.15,0.633
Dominican Republic,2006,5.088,9.306,0.919
Dominican Republic,2007,5.081,9.365,0.848
Dominican Republic,2008,4.842,9.384,0.85
Dominican Republic,2009,5.432,9.381,0.878
Dominican Republic,2010,4.735,9.448,0.86
Dominican Republic,2011,5.397,9.465,0.872
Dominican Republic,2012,4.753,9.479,0.879
Dominican Republic,2013,5.016,9.515,0.878
Dominican Republic,2014,5.387,9.57,0.891
Dominican Republic,2015,5.062,9.625,0.893
Dominican Republic,2016,5.239,9.678,0.895
Dominican Republic,2017,5.605,9.713,0.894
Dominican Republic,2018,5.433,9.769,0.862
Dominican Republic,2019,6.004,9.808,0.884
Dominican Republic,2020,5.168,9.727,0.806
Dominican Republic,2021,6.031,9.832,0.857
Dominican Republic,2022,5.518,9.874,0.82
Ecuador,2006,5.024,9.189,0.91
Ecuador,2007,4.996,9.194,0.839
Ecuador,2008,5.297,9.238,0.829
Ecuador,2009,6.022,9.227,0.779
Ecuador,2010,5.838,9.245,0.839
Ecuador,2011,5.795,9.305,0.818
Ecuador,2012,5.961,9.343,0.785
Ecuador,2013,6.019,9.376,0.801
Ecuador,2014,5.946,9.399,0.831
Ecuador,2015,5.964,9.385,0.856
Ecuador,2016,6.115,9.358,0.842
Ecuador,2017,5.84,9.366,0.849
Ecuador,2018,6.128,9.359,0.851
Ecuador,2019,5.809,9.341,0.808
Ecuador,2020,5.354,9.245,0.804
Ecuador,2021,5.435,9.275,0.786
Ecuador,2022,5.887,9.29,0.825
Egypt,2005,5.168,8.99,0.848
Egypt,2007,5.541,9.085,0.686
Egypt,2008,4.632,9.135,0.738
Egypt,2009,5.066,9.161,0.744
Egypt,2010,4.669,9.191,0.769
Egypt,2011,4.174,9.186,0.753
Egypt,2012,4.204,9.186,0.737
Egypt,2013,3.559,9.184,0.675
Egypt,2014,4.885,9.19,0.619
Egypt,2015,4.763,9.21,0.73
Egypt,2016,4.557,9.232,0.809
Egypt,2017,3.929,9.253,0.638
Egypt,2018,4.005,9.286,0.759
Egypt,2019,4.328,9.322,0.772
Egypt,2020,4.472,9.34,0.673
Egypt,2021,4.026,9.356,0.717
Egypt,2022,4.024,9.404,0.769
El Salvador,2006,5.701,8.885,0.878
El Salvador,2007,5.296,8.902,0.717
El Salvador,2008,5.191,8.919,0.747
El Salvador,2009,6.839,8.894,0.734
El Salvador,2010,6.74,8.911,0.757
El Salvador,2011,4.741,8.945,0.731
El Salvador,2012,5.934,8.968,0.806
El Salvador,2013,6.325,8.987,0.827
El Salvador,2014,5.857,9.0,0.798
El Salvador,2015,6.018,9.02,0.791
El Salvador,2016,6.14,9.042,0.794
El Salvador,2017,6.339,9.062,0.829
El Salvador,2018,6.241,9.084,0.82
El Salvador,2019,6.455,9.107,0.764
El Salvador,2020,5.462,9.02,0.696
El Salvador,2021,6.431,9.114,0.796
El Salvador,2022,6.492,9.135,0.772
Estonia,2006,5.371,10.269,0.91
Estonia,2007,5.332,10.346,0.896
Estonia,2008,5.452,10.296,0.904
Estonia,2009,5.138,10.14,0.874
Estonia,2011,5.487,10.24,0.909
Estonia,2012,5.364,10.275,0.889
Estonia,2013,5.367,10.293,0.901
Estonia,2014,5.556,10.325,0.917
Estonia,2015,5.629,10.343,0.918
Estonia,2016,5.65,10.374,0.938
Estonia,2017,5.938,10.429,0.936
Estonia,2018,6.091,10.463,0.933
Estonia,2019,6.035,10.496,0.934
Estonia,2020,6.453,10.488,0.958
Estonia,2021,6.554,10.564,0.946
Estonia,2022,6.357,10.571,0.933
Eswatini,2011,4.867,8.902,0.837
Eswatini,2018,4.212,9.029,0.779
Eswatini,2019,4.396,9.048,0.759
Ethiopia,2012,4.561,7.252,0.659
Ethiopia,2013,4.445,7.325,0.602
Ethiopia,2014,4.507,7.396,0.64
Ethiopia,2015,4.573,7.468,0.626
Ethiopia,2016,4.298,7.531,0.719
Ethiopia,2017,4.18,7.595,0.734
Ethiopia,2018,4.379,7.634,0.74
Ethiopia,2019,4.1,7.688,0.748
Ethiopia,2020,4.549,7.72,0.823
Ethiopia,2022,3.628,7.757,0.74
Finland,2006,7.672,10.745,0.965
Finland,2008,7.671,10.796,0.951
Finland,2010,7.393,10.734,0.935
Finland,2011,7.354,10.754,0.938
Finland,2012,7.42,10.735,0.928
Finland,2013,7.445,10.722,0.941
Finland,2014,7.385,10.714,0.952
Finland,2015,7.448,10.716,0.948
Finland,2016,7.66,10.741,0.954
Finland,2017,7.788,10.77,0.964
Finland,2018,7.858,10.78,0.962
Finland,2019,7.78,10.791,0.937
Finland,2020,7.889,10.767,0.962
Finland,2021,7.794,10.795,0.97
Finland,2022,7.729,10.814,0.974
France,2005,7.093,10.637,0.94
France,2006,6.583,10.654,0.944
France,2008,7.008,10.669,0.935
France,2009,6.283,10.635,0.918
France,2010,6.798,10.649,0.943
France,2011,6.959,10.666,0.921
France,2012,6.649,10.664,0.937
France,2013,6.667,10.665,0.908
France,2014,6.467,10.669,0.878
France,2015,6.358,10.677,0.896
France,2016,6.475,10.685,0.885
France,2017,6.635,10.705,0.931
France,2018,6.666,10.72,0.921
France,2019,6.69,10.735,0.958
France,2020,6.714,10.651,0.947
France,2021,6.656,10.714,0.915
France,2022,6.614,10.737,0.866
Gabon,2011,4.255,9.557,0.653
Gabon,2012,3.972,9.573,0.736
Gabon,2013,3.8,9.593,0.733
Gabon,2014,3.918,9.601,0.829
Gabon,2015,4.661,9.609,0.756
Gabon,2016,4.832,9.601,0.78
Gabon,2017,4.782,9.58,0.807
Gabon,2018,4.783,9.565,0.785
Gabon,2019,4.914,9.58,0.763
Gabon,2020,4.887,9.54,0.701
Gabon,2021,5.075,9.533,0.754
Gabon,2022,5.14,9.539,0.775
Gambia,2017,4.118,7.564,0.697
Gambia,2018,4.922,7.607,0.685
Gambia,2019,5.164,7.642,0.694
Gambia,2022,4.279,7.648,0.588
Georgia,2006,3.675,8.993,0.647
Georgia,2007,3.707,9.117,0.548
Georgia,2008,4.156,9.144,0.608
Georgia,2009,3.801,9.116,0.544
Georgia,2010,4.102,9.184,0.54
Georgia,2011,4.203,9.263,0.503
Georgia,2012,4.254,9.332,0.533
Georgia,2013,4.349,9.371,0.559
Georgia,2014,4.288,9.414,0.558
Georgia,2015,4.122,9.442,0.517
Georgia,2016,4.448,9.47,0.533
Georgia,2017,4.451,9.517,0.59
Georgia,2018,4.659,9.565,0.617
Georgia,2019,4.892,9.615,0.675
Georgia,2020,5.123,9.544,0.718
Georgia,2021,4.911,9.648,0.671
Georgia,2022,5.293,9.746,0.754
Germany,2005,6.62,10.691,0.963
Germany,2007,6.417,10.76,0.926
Germany,2008,6.522,10.771,0.923
Germany,2009,6.641,10.715,0.935
Germany,2010,6.725,10.758,0.939
Germany,2011,6.621,10.815,0.947
Germany,2012,6.702,10.817,0.926
Germany,2013,6.965,10.819,0.931
Germany,2014,6.984,10.837,0.938
Germany,2015,7.037,10.843,0.926
Germany,2016,6.874,10.857,0.906
Germany,2017,7.074,10.879,0.892
Germany,2018,7.118,10.886,0.92
Germany,2019,7.035,10.894,0.886
Germany,2020,7.312,10.856,0.905
Germany,2021,6.755,10.881,0.868
Germany,2022,6.608,10.899,0.916
Ghana,2006,4.535,8.067,0.728
Ghana,2007,5.22,8.084,0.73
Ghana,2008,4.965,8.145,0.622
Ghana,2009,4.198,8.167,0.633
Ghana,2010,4.606,8.219,0.739
Ghana,2011,5.608,8.326,0.724
Ghana,2012,5.057,8.39,0.685
Ghana,2013,4.965,8.436,0.676
Ghana,2014,3.86,8.44,0.651
Ghana,2015,3.986,8.437,0.687
Ghana,2016,4.514,8.447,0.647
Ghana,2017,5.481,8.503,0.669
Ghana,2018,5.004,8.542,0.761
Ghana,2019,4.967,8.584,0.746
Ghana,2020,5.319,8.569,0.643
Ghana,2021,4.378,8.601,0.633
Ghana,2022,4.191,8.615,0.628
Greece,2005,6.006,10.454,0.837
Greece,2007,6.647,10.535,0.808
Greece,2009,6.039,10.483,0.793
Greece,2010,5.84,10.425,0.868
Greece,2011,5.372,10.32,0.852
Greece,2012,5.096,10.251,0.812
Greece,2013,4.72,10.233,0.687
Greece,2014,4.756,10.245,0.832
Greece,2015,5.623,10.249,0.835
Greece,2016,5.303,10.248,0.803
Greece,2017,5.148,10.261,0.753
Greece,2018,5.409,10.28,0.794
Greece,2019,5.952,10.3,0.891
Greece,2020,5.788,10.207,0.779
Greece,2021,6.104,10.294,0.85
Greece,2022,5.9,10.364,0.875
Guatemala,2006,5.901,8.85,0.83
Guatemala,2007,6.33,8.891,0.866
Guatemala,2008,6.414,8.905,0.866
Guatemala,2009,6.452,8.89,0.834
Guatemala,2010,6.29,8.901,0.859
Guatemala,2011,5.743,8.923,0.768
Guatemala,2012,5.856,8.935,0.802
Guatemala,2013,5.985,8.953,0.83
Guatemala,2014,6.536,8.98,0.834
Guatemala,2015,6.465,9.003,0.823
Guatemala,2016,6.359,9.013,0.811
Guatemala,2017,6.325,9.027,0.826
Guatemala,2018,6.627,9.044,0.841
Guatemala,2019,6.262,9.068,0.774
Guatemala,2022,6.15,9.116,0.806
Guinea,2011,4.045,7.556,0.598
Guinea,2012,3.652,7.589,0.542
Guinea,2013,3.902,7.604,0.567
Guinea,2014,3.412,7.615,0.638
Guinea,2015,3.505,7.627,0.579
Guinea,2016,3.603,7.704,0.675
Guinea,2017,4.874,7.776,0.634
Guinea,2018,5.252,7.813,0.63
Guinea,2019,4.768,7.842,0.655
Guinea,2020,4.972,7.865,0.732
Guinea,2021,4.945,7.879,0.627
Guinea,2022,5.317,7.9,0.582
Guyana,2007,5.993,9.089,0.849
Haiti,2006,3.754,7.973,0.694
Haiti,2008,3.846,8.012,0.679
Haiti,2010,3.766,7.984,0.554
Haiti,2011,4.845,8.022,0.567
Haiti,2012,4.413,8.012,0.749
Haiti,2013,4.622,8.039,0.648
Haiti,2014,3.889,8.041,0.554
Haiti,2015,3.57,8.052,0.564
Haiti,2016,3.352,8.056,0.584
Haiti,2017,3.824,8.067,0.647
Haiti,2018,3.615,8.07,0.538
Honduras,2006,5.397,8.448,0.933
Honduras,2007,5.097,8.485,0.819
Honduras,2008,5.42,8.504,0.828
Honduras,2009,6.033,8.458,0.824
Honduras,2010,5.866,8.474,0.803
Honduras,2011,4.961,8.492,0.766
Honduras,2012,4.602,8.513,0.779
Honduras,2013,4.713,8.521,0.792
Honduras,2014,5.056,8.533,0.79
Honduras,2015,4.845,8.553,0.772
Honduras,2016,5.648,8.573,0.774
Honduras,2017,6.02,8.603,0.843
Honduras,2018,5.908,8.624,0.827
Honduras,2019,5.93,8.633,0.797
Honduras,2021,6.114,8.626,0.806
Honduras,2022,5.932,8.645,0.729
Hong Kong S.A.R. of China,2006,5.511,10.746,0.812
Hong Kong S.A.R. of China,2008,5.137,10.816,0.84
Hong Kong S.A.R. of China,2009,5.397,10.788,0.835
Hong Kong S.A.R. of China,2010,5.643,10.847,0.857
Hong Kong S.A.R. of China,2011,5.474,10.887,0.846
Hong Kong S.A.R. of China,2012,5.484,10.893,0.826
Hong Kong S.A.R. of China,2014,5.458,10.939,0.834
Hong Kong S.A.R. of China,2016,5.498,10.97,0.832
Hong Kong S.A.R. of China,2017,5.362,10.999,0.831
Hong Kong S.A.R. of China,2019,5.659,10.995,0.856
Hong Kong S.A.R. of China,2020,5.295,10.931,0.813
Hong Kong S.A.R. of China,2021,5.322,11.002,0.821
Hungary,2005,5.194,10.103,0.93
Hungary,2007,4.954,10.148,0.931
Hungary,2009,4.895,10.093,0.901
Hungary,2010,4.725,10.106,0.896
Hungary,2011,4.918,10.127,0.894
Hungary,2012,4.683,10.119,0.906
Hungary,2013,4.914,10.14,0.877
Hungary,2014,5.181,10.184,0.845
Hungary,2015,5.344,10.223,0.859
Hungary,2016,5.449,10.248,0.9
Hungary,2017,6.065,10.292,0.877
Hungary,2018,5.936,10.346,0.941
Hungary,2019,6.0,10.394,0.947
Hungary,2020,6.038,10.349,0.943
Hungary,2021,6.227,10.422,0.948
Hungary,2022,5.861,10.484,0.937
Iceland,2008,6.888,10.878,0.977
Iceland,2012,7.591,10.788,0.979
Iceland,2013,7.501,10.823,0.967
Iceland,2015,7.498,10.862,0.98
Iceland,2016,7.51,10.909,0.985
Iceland,2017,7.476,10.927,0.967
Iceland,2019,7.533,10.949,0.982
Iceland,2020,7.575,10.862,0.983
Iceland,2021,7.565,10.889,0.98
Iceland,2022,7.449,10.935,0.985
India,2006,5.348,8.141,0.707
India,2007,5.027,8.2,0.569
India,2008,5.146,8.216,0.684
India,2009,4.522,8.278,0.653
India,2010,4.989,8.346,0.605
India,2011,4.635,8.383,0.553
India,2012,4.72,8.423,0.511
India,2013,4.428,8.472,0.553
India,2014,4.424,8.531,0.621
India,2015,4.342,8.596,0.61
India,2016,4.179,8.664,0.614
India,2017,4.046,8.718,0.607
India,2018,3.818,8.77,0.638
India,2019,3.249,8.796,0.561
India,2020,4.224,8.718,0.616
India,2021,3.558,8.794,0.57
India,2022,3.93,8.85,0.608
Indonesia,2006,4.947,8.839,0.771
Indonesia,2007,5.101,8.888,0.704
Indonesia,2008,4.815,8.933,0.675
Indonesia,2009,5.472,8.966,0.779
Indonesia,2010,5.457,9.013,0.816
Indonesia,2011,5.173,9.061,0.825
Indonesia,2012,5.368,9.107,0.834
Indonesia,2013,5.292,9.149,0.794
Indonesia,2014,5.597,9.186,0.905
Indonesia,2015,5.043,9.222,0.809
Indonesia,2016,5.136,9.261,0.792
Indonesia,2017,5.098,9.3,0.796
Indonesia,2018,5.34,9.341,0.809
Indonesia,2019,5.347,9.381,0.802
Indonesia,2020,4.828,9.351,0.751
Indonesia,2021,5.433,9.381,0.817
Indonesia,2022,5.585,9.425,0.834
Iran,2005,5.308,9.498,0.766
Iran,2007,5.336,9.595,0.718
Iran,2008,5.129,9.584,0.633
Iran,2011,4.768,9.636,0.582
Iran,2012,4.609,9.585,0.6
Iran,2013,5.14,9.555,0.664
Iran,2014,4.682,9.585,0.644
Iran,2015,4.75,9.548,0.572
Iran,2016,4.653,9.614,0.566
Iran,2017,4.717,9.627,0.714
Iran,2018,4.278,9.591,0.674
Iran,2019,5.006,9.553,0.698
Iran,2020,4.865,9.577,0.757
Iran,2021,4.788,9.616,0.771
Iran,2022,4.977,9.638,0.8
Iraq,2008,4.59,8.982,0.744
Iraq,2009,4.775,8.979,0.862
Iraq,2010,5.065,9.009,0.854
Iraq,2011,4.725,9.047,0.751
Iraq,2012,4.66,9.133,0.73
Iraq,2013,4.725,9.159,0.728
Iraq,2014,4.542,9.126,0.725
Iraq,2015,4.493,9.145,0.684
Iraq,2016,4.413,9.25,0.719
Iraq,2017,4.462,9.208,0.695
Iraq,2018,4.886,9.21,0.764
Iraq,2020,4.785,9.096,0.708
Iraq,2021,5.094,9.101,0.73
Ireland,2006,7.144,10.982,0.967
Ireland,2008,7.568,10.939,0.983
Ireland,2009,7.046,10.876,0.959
Ireland,2010,7.257,10.887,0.973
Ireland,2011,7.007,10.891,0.977
Ireland,2012,6.965,10.887,0.962
Ireland,2013,6.76,10.893,0.955
Ireland,2014,7.018,10.969,0.968
Ireland,2015,6.83,11.177,0.953
Ireland,2016,7.041,11.186,0.958
Ireland,2017,7.06,11.261,0.943
Ireland,2018,6.962,11.331,0.938
Ireland,2019,7.255,11.37,0.944
Ireland,2020,7.035,11.42,0.96
Ireland,2021,6.828,11.538,0.85
Ireland,2022,6.87,11.625,0.906
Israel,2006,7.173,10.359,0.927
Israel,2007,6.841,10.4,0.868
Israel,2008,7.261,10.414,0.859
Israel,2009,7.353,10.399,0.937
Israel,2010,7.359,10.436,0.882
Israel,2011,7.433,10.472,0.893
Israel,2012,7.111,10.479,0.903
Israel,2013,7.321,10.503,0.909
Israel,2014,7.401,10.523,0.889
Israel,2015,7.079,10.527,0.864
Israel,2016,7.159,10.552,0.89
Israel,2017,7.331,10.574,0.916
Israel,2018,6.927,10.595,0.91
Israel,2019,7.332,10.617,0.946
Israel,2020,7.195,10.58,0.959
Israel,2021,7.578,10.647,0.917
Israel,2022,7.662,10.692,0.954
Italy,2005,6.854,10.698,0.928
Italy,2007,6.574,10.722,0.912
Italy,2008,6.78,10.706,0.88
Italy,2009,6.334,10.647,0.88
Italy,2010,6.354,10.661,0.872
Italy,2011,6.057,10.666,0.913
Italy,2012,5.839,10.633,0.869
Italy,2013,6.009,10.603,0.916
Italy,2014,6.027,10.594,0.898
Italy,2015,5.848,10.603,0.909
Italy,2016,5.955,10.617,0.927
Italy,2017,6.199,10.635,0.92
Italy,2018,6.517,10.647,0.913
Italy,2019,6.445,10.663,0.838
Italy,2020,6.488,10.573,0.89
Italy,2021,6.467,10.644,0.886
Italy,2022,6.258,10.685,0.869
Ivory Coast,2009,4.197,8.164,0.667
Ivory Coast,2013,3.739,8.267,0.709
Ivory Coast,2014,3.57,8.334,0.711
Ivory Coast,2015,4.445,8.377,0.704
Ivory Coast,2016,4.543,8.421,0.617
Ivory Coast,2017,5.038,8.466,0.661
Ivory Coast,2018,5.268,8.507,0.621
Ivory Coast,2019,5.392,8.542,0.679
Ivory Coast,2020,5.257,8.537,0.613
Ivory Coast,2021,5.056,8.58,0.554
Ivory Coast,2022,4.849,8.612,0.536
Jamaica,2006,6.208,9.249,0.909
Jamaica,2011,5.374,9.193,0.855
Jamaica,2013,5.709,9.182,0.865
Jamaica,2014,5.311,9.185,0.874
Jamaica,2017,5.89,9.209,0.913
Jamaica,2019,6.309,9.234,0.878
Jamaica,2020,5.425,9.127,0.87
Jamaica,2021,5.814,9.169,0.857
Jamaica,2022,5.87,9.198,0.868
Japan,2005,6.516,10.552,0.928
Japan,2007,6.238,10.578,0.938
Japan,2008,5.911,10.566,0.887
Japan,2009,5.845,10.507,0.888
Japan,2010,6.057,10.547,0.902
Japan,2011,6.263,10.549,0.917
Japan,2012,5.968,10.565,0.905
Japan,2013,5.959,10.586,0.924
Japan,2014,5.923,10.59,0.9
Japan,2015,5.88,10.607,0.923
Japan,2016,5.955,10.615,0.9
Japan,2017,5.911,10.632,0.882
Japan,2018,5.794,10.639,0.886
Japan,2019,5.908,10.638,0.878
Japan,2020,6.118,10.595,0.887
Japan,2021,6.091,10.616,0.896
Japan,2022,6.178,10.636,0.899
Jordan,2005,6.295,9.283,0.92
Jordan,2007,5.598,9.308,0.841
Jordan,2008,4.93,9.354,0.766
Jordan,2009,6.0,9.381,0.899
Jordan,2010,5.57,9.382,0.918
Jordan,2011,5.539,9.383,0.878
Jordan,2012,5.132,9.393,0.829
Jordan,2013,5.172,9.354,0.84
Jordan,2014,5.333,9.269,0.816
Jordan,2015,5.405,9.202,0.83
Jordan,2016,5.271,9.173,0.82
Jordan,2017,4.808,9.173,0.815
Jordan,2018,4.639,9.168,0.8
Jordan,2019,4.453,9.164,0.793
Jordan,2020,4.094,9.127,0.709
Jordan,2021,3.909,9.129,0.703
Jordan,2022,4.356,9.134,0.774
Kazakhstan,2006,5.476,9.804,0.872
Kazakhstan,2007,5.719,9.878,0.861
Kazakhstan,2008,5.886,9.892,0.839
Kazakhstan,2009,5.383,9.884,0.893
Kazakhstan,2010,5.514,9.94,0.904
Kazakhstan,2011,5.736,9.997,0.905
Kazakhstan,2012,5.759,10.03,0.892
Kazakhstan,2013,5.835,10.074,0.889
Kazakhstan,2014,5.97,10.101,0.795
Kazakhstan,2015,5.95,10.098,0.931
Kazakhstan,2016,5.534,10.095,0.928
Kazakhstan,2017,5.882,10.121,0.914
Kazakhstan,2018,6.008,10.148,0.937
Kazakhstan,2019,6.272,10.179,0.951
Kazakhstan,2020,6.168,10.141,0.966
Kazakhstan,2021,6.26,10.17,0.906
Kazakhstan,2022,6.006,10.187,0.923
Kenya,2006,4.223,8.164,0.909
Kenya,2007,4.576,8.201,0.841
Kenya,2008,4.015,8.173,0.827
Kenya,2009,4.27,8.176,0.789
Kenya,2010,4.256,8.226,0.805
Kenya,2011,4.405,8.249,0.846
Kenya,2012,4.547,8.269,0.831
Kenya,2013,3.795,8.282,0.825
Kenya,2014,4.905,8.308,0.765
Kenya,2015,4.358,8.334,0.777
Kenya,2016,4.396,8.353,0.706
Kenya,2017,4.476,8.369,0.715
Kenya,2018,4.656,8.404,0.707
Kenya,2019,4.619,8.434,0.676
Kenya,2020,4.547,8.411,0.674
Kenya,2021,4.465,8.465,0.702
Kenya,2022,4.448,8.499,0.691
Kosovo,2008,5.522,8.858,0.884
Kosovo,2009,5.891,8.899,0.83
Kosovo,2010,5.177,8.94,0.708
Kosovo,2011,4.86,8.992,0.759
Kosovo,2012,5.64,9.0,0.757
Kosovo,2013,6.126,9.046,0.721
Kosovo,2014,5.0,9.082,0.706
Kosovo,2015,5.077,9.153,0.805
Kosovo,2016,5.759,9.213,0.824
Kosovo,2017,6.149,9.253,0.792
Kosovo,2018,6.392,9.283,0.822
Kosovo,2019,6.425,9.334,0.843
Kosovo,2020,6.294,9.279,0.792
Kosovo,2021,6.648,9.383,0.849
Kosovo,2022,6.16,9.416,0.888
Kuwait,2006,6.076,11.233,0.919
Kuwait,2009,6.585,11.074,0.926
Kuwait,2010,6.798,10.998,0.893
Kuwait,2011,6.378,11.024,0.882
Kuwait,2012,6.221,11.012,0.889
Kuwait,2013,6.48,10.952,0.862
Kuwait,2015,6.146,10.893,0.823
Kuwait,2016,5.947,10.887,0.845
Kuwait,2017,6.094,10.82,0.853
Kuwait,2019,6.106,10.765,0.842
Kyrgyzstan,2006,4.641,8.185,0.844
Kyrgyzstan,2007,4.698,8.258,0.833
Kyrgyzstan,2008,4.737,8.329,0.792
Kyrgyzstan,2009,5.069,8.345,0.855
Kyrgyzstan,2010,4.996,8.329,0.885
Kyrgyzstan,2011,4.921,8.374,0.891
Kyrgyzstan,2012,5.208,8.357,0.856
Kyrgyzstan,2013,5.402,8.441,0.851
Kyrgyzstan,2014,5.252,8.46,0.898
Kyrgyzstan,2015,4.905,8.477,0.857
Kyrgyzstan,2016,4.857,8.5,0.914
Kyrgyzstan,2017,5.63,8.526,0.883
Kyrgyzstan,2018,5.297,8.543,0.898
Kyrgyzstan,2019,5.685,8.568,0.877
Kyrgyzstan,2020,6.25,8.461,0.902
Kyrgyzstan,2021,5.564,8.479,0.904
Kyrgyzstan,2022,5.668,8.517,0.927
Laos,2006,5.076,8.234,0.807
Laos,2007,5.364,8.291,0.79
Laos,2008,5.044,8.351,0.807
Laos,2011,4.704,8.538,0.691
Laos,2012,4.876,8.601,0.693
Laos,2017,4.623,8.883,0.707
Laos,2018,4.859,8.929,0.705
Laos,2019,5.197,8.967,0.729
Laos,2020,5.284,8.957,0.66
Laos,2021,4.927,8.968,0.65
Latvia,2006,4.71,10.042,0.884
Latvia,2007,4.667,10.145,0.836
Latvia,2008,5.145,10.123,0.855
Latvia,2009,4.669,9.985,0.807
Latvia,2011,4.967,10.004,0.836
Latvia,2012,5.125,10.085,0.851
Latvia,2013,5.07,10.115,0.834
Latvia,2014,5.729,10.143,0.881
Latvia,2015,5.881,10.19,0.879
Latvia,2016,5.94,10.222,0.917
Latvia,2017,5.978,10.264,0.895
Latvia,2018,5.901,10.311,0.913
Latvia,2019,5.97,10.343,0.936
Latvia,2020,6.229,10.328,0.928
Latvia,2021,6.353,10.376,0.954
Latvia,2022,6.055,10.407,0.928
Lebanon,2005,5.491,9.573,0.796
Lebanon,2006,4.653,9.572,0.853
Lebanon,2008,4.595,9.712,0.717
Lebanon,2009,5.206,9.797,0.736
Lebanon,2010,5.032,9.865,0.721
Lebanon,2011,5.188,9.864,0.733
Lebanon,2012,4.573,9.863,0.713
Lebanon,2013,4.983,9.808,0.708
Lebanon,2014,5.233,9.733,0.759
Lebanon,2015,5.172,9.718,0.742
Lebanon,2016,5.271,9.755,0.828
Lebanon,2017,5.154,9.787,0.777
Lebanon,2018,5.167,9.797,0.829
Lebanon,2019,4.024,9.751,0.866
Lebanon,2020,2.634,9.531,0.547
Lebanon,2021,2.179,9.471,0.507
Lebanon,2022,2.352,9.428,0.535
Lesotho,2011,4.898,7.785,0.824
Lesotho,2016,3.808,7.897,0.798
Lesotho,2017,3.795,7.852,0.769
Lesotho,2019,3.512,7.837,0.79
Liberia,2007,3.701,7.179,0.594
Liberia,2008,4.221,7.207,0.619
Liberia,2010,4.196,7.257,0.827
Liberia,2014,4.571,7.386,0.708
Liberia,2015,2.702,7.366,0.638
Liberia,2016,3.355,7.33,0.643
Liberia,2017,4.424,7.335,0.685
Liberia,2018,4.135,7.328,0.727
Liberia,2019,5.121,7.283,0.712
Liberia,2022,4.042,7.277,0.597
Libya,2012,5.754,10.38,0.855
Libya,2015,5.615,9.858,0.868
Libya,2016,5.434,9.828,0.876
Libya,2017,5.647,10.095,0.823
Libya,2018,5.494,10.156,0.824
Libya,2019,5.33,10.023,0.827
Lithuania,2006,5.954,10.042,0.93
Lithuania,2007,5.808,10.16,0.941
Lithuania,2008,5.554,10.196,0.914
Lithuania,2009,5.467,10.046,0.933
Lithuania,2010,5.066,10.083,0.882
Lithuania,2011,5.432,10.165,0.911
Lithuania,2012,5.771,10.216,0.919
Lithuania,2013,5.596,10.261,0.913
Lithuania,2014,6.126,10.304,0.908
Lithuania,2015,5.711,10.334,0.929
Lithuania,2016,5.866,10.371,0.938
Lithuania,2017,6.273,10.427,0.926
Lithuania,2018,6.309,10.476,0.929
Lithuania,2019,6.064,10.524,0.918
Lithuania,2020,6.391,10.523,0.953
Lithuania,2021,6.865,10.579,0.928
Lithuania,2022,7.038,10.602,0.937
Luxembourg,2009,6.958,11.628,0.939
Luxembourg,2010,7.097,11.647,0.952
Luxembourg,2011,7.101,11.635,0.934
Luxembourg,2012,6.964,11.627,0.914
Luxembourg,2013,7.131,11.636,0.917
Luxembourg,2014,6.891,11.638,0.875
Luxembourg,2015,6.702,11.637,0.934
Luxembourg,2016,6.967,11.664,0.941
Luxembourg,2017,7.061,11.653,0.905
Luxembourg,2018,7.243,11.645,0.902
Luxembourg,2019,7.404,11.649,0.912
Luxembourg,2022,7.228,11.66,0.878
Madagascar,2006,3.98,7.351,0.711
Madagascar,2008,4.64,7.413,0.776
Madagascar,2011,4.381,7.309,0.818
Madagascar,2012,3.551,7.311,0.673
Madagascar,2013,3.816,7.307,0.673
Madagascar,2014,3.676,7.314,0.655
Madagascar,2015,3.593,7.319,0.647
Madagascar,2016,3.663,7.332,0.746
Madagascar,2017,4.079,7.345,0.626
Madagascar,2018,4.071,7.351,0.666
Madagascar,2019,4.339,7.369,0.701
Madagascar,2022,4.019,7.29,0.642
Malawi,2006,3.83,7.017,0.554
Malawi,2007,4.891,7.08,0.6
Malawi,2009,5.148,7.176,0.718
Malawi,2011,3.946,7.232,0.613
Malawi,2012,4.279,7.223,0.604
Malawi,2013,4.035,7.245,0.563
Malawi,2014,4.563,7.273,0.512
Malawi,2015,3.868,7.273,0.494
Malawi,2016,3.476,7.27,0.524
Malawi,2017,3.417,7.283,0.555
Malawi,2018,3.335,7.299,0.528
Malawi,2019,3.869,7.325,0.549
Malawi,2021,3.635,7.307,0.558
Malawi,2022,3.356,7.296,0.503
Malaysia,2006,6.012,9.827,0.866
Malaysia,2007,6.239,9.867,0.871
Malaysia,2008,5.807,9.893,0.803
Malaysia,2009,5.385,9.858,0.792
Malaysia,2010,5.58,9.912,0.839
Malaysia,2011,5.786,9.948,0.77
Malaysia,2012,5.914,9.985,0.841
Malaysia,2013,5.77,10.015,0.831
Malaysia,2014,5.963,10.057,0.863
Malaysia,2015,6.322,10.092,0.818
Malaysia,2018,5.339,10.197,0.789
Malaysia,2019,5.428,10.228,0.842
Malaysia,2020,6.014,10.159,0.797
Malaysia,2021,6.01,10.179,0.794
Maldives,2018,5.198,9.893,0.913
Mali,2006,4.014,7.561,0.761
Mali,2008,4.115,7.576,0.747
Mali,2009,3.977,7.591,0.733
Mali,2010,3.762,7.61,0.751
Mali,2011,4.667,7.609,0.796
Mali,2012,4.313,7.572,0.823
Mali,2013,3.676,7.565,0.82
Mali,2014,3.975,7.602,0.843
Mali,2015,4.582,7.631,0.83
Mali,2016,4.016,7.655,0.836
Mali,2017,4.742,7.675,0.741
Mali,2018,4.416,7.69,0.692
Mali,2019,4.988,7.705,0.755
Mali,2020,4.269,7.661,0.568
Mali,2021,4.113,7.659,0.573
Mali,2022,4.211,7.645,0.642
Malta,2009,6.328,10.353,0.916
Malta,2010,5.774,10.402,0.908
Malta,2011,6.155,10.402,0.923
Malta,2012,5.963,10.434,0.922
Malta,2013,6.38,10.473,0.942
Malta,2014,6.452,10.526,0.941
Malta,2015,6.613,10.594,0.919
Malta,2016,6.591,10.605,0.93
Malta,2017,6.676,10.681,0.937
Malta,2018,6.91,10.706,0.932
Malta,2019,6.733,10.724,0.922
Malta,2020,6.157,10.615,0.938
Malta,2021,6.444,10.707,0.897
Mauritania,2007,4.149,8.528,0.682
Mauritania,2008,4.248,8.5,0.67
Mauritania,2009,4.5,8.474,0.819
Mauritania,2010,4.772,8.471,0.857
Mauritania,2011,4.785,8.482,0.75
Mauritania,2012,4.673,8.494,0.763
Mauritania,2013,4.199,8.506,0.741
Mauritania,2014,4.483,8.521,0.853
Mauritania,2015,3.923,8.547,0.875
Mauritania,2016,4.472,8.533,0.785
Mauritania,2017,4.678,8.568,0.779
Mauritania,2018,4.314,8.588,0.802
Mauritania,2019,4.153,8.614,0.798
Mauritania,2022,4.724,8.591,0.648
Mauritius,2011,5.477,9.797,0.8
Mauritius,2014,5.648,9.896,0.785
Mauritius,2016,5.61,9.968,0.836
Mauritius,2017,6.174,10.006,0.91
Mauritius,2018,5.882,10.044,0.909
Mauritius,2019,6.241,10.072,0.913
Mauritius,2020,6.015,9.915,0.893
Mauritius,2021,5.949,9.951,0.887
Mauritius,2022,5.741,10.007,0.887
Mexico,2005,6.581,9.792,0.903
Mexico,2007,6.525,9.831,0.879
Mexico,2008,6.829,9.83,0.876
Mexico,2009,6.963,9.764,0.868
Mexico,2010,6.802,9.8,0.876
Mexico,2011,6.91,9.822,0.824
Mexico,2012,7.32,9.844,0.767
Mexico,2013,7.443,9.844,0.759
Mexico,2014,6.68,9.86,0.782
Mexico,2015,6.236,9.88,0.761
Mexico,2016,6.824,9.895,0.893
Mexico,2017,6.41,9.905,0.8
Mexico,2018,6.55,9.917,0.858
Mexico,2019,6.432,9.907,0.852
Mexico,2020,5.964,9.816,0.779
Mexico,2021,5.991,9.857,0.779
Mexico,2022,7.038,9.876,0.858
Moldova,2006,5.102,8.936,0.812
Moldova,2007,4.775,8.967,0.804
Moldova,2008,5.503,9.044,0.872
Moldova,2009,5.554,8.984,0.856
Moldova,2010,5.59,9.053,0.847
Moldova,2011,5.792,9.111,0.869
Moldova,2012,5.996,9.105,0.826
Moldova,2013,5.756,9.192,0.803
Moldova,2014,5.917,9.241,0.805
Moldova,2015,6.017,9.245,0.84
Moldova,2016,5.578,9.3,0.837
Moldova,2017,5.326,9.363,0.831
Moldova,2018,5.682,9.423,0.892
Moldova,2019,5.803,9.475,0.809
Moldova,2020,5.812,9.409,0.874
Moldova,2021,5.959,9.547,0.88
Moldova,2022,5.687,9.54,0.817
Mongolia,2007,4.609,8.827,0.881
Mongolia,2008,4.493,8.902,0.92
Mongolia,2010,4.586,8.925,0.904
Mongolia,2011,5.031,9.069,0.948
Mongolia,2012,4.885,9.168,0.919
Mongolia,2013,4.913,9.26,0.935
Mongolia,2014,4.825,9.315,0.943
Mongolia,2015,4.983,9.318,0.906
Mongolia,2016,5.057,9.311,0.947
Mongolia,2017,5.334,9.344,0.924
Mongolia,2018,5.465,9.397,0.942
Mongolia,2019,5.563,9.43,0.946
Mongolia,2020,6.011,9.365,0.918
Mongolia,2021,5.721,9.365,0.927
Mongolia,2022,5.788,9.388,0.951
Montenegro,2007,5.196,9.696,0.832
Montenegro,2009,4.801,9.702,0.816
Montenegro,2010,5.455,9.727,0.805
Montenegro,2011,5.223,9.758,0.818
Montenegro,2012,5.219,9.729,0.704
Montenegro,2013,5.074,9.763,0.736
Montenegro,2014,5.283,9.78,0.863
Montenegro,2015,5.125,9.813,0.74
Montenegro,2016,5.304,9.842,0.866
Montenegro,2017,5.615,9.888,0.881
Montenegro,2018,5.65,9.937,0.856
Montenegro,2019,5.386,9.978,0.832
Montenegro,2020,5.722,9.813,0.887
Morocco,2011,5.085,8.71,0.833
Morocco,2012,4.97,8.726,0.676
Morocco,2013,5.142,8.757,0.597
Morocco,2015,5.163,8.947,0.606
Morocco,2016,5.386,8.94,0.655
Morocco,2017,5.312,8.977,0.641
Morocco,2018,4.897,8.996,0.554
Morocco,2019,5.057,9.014,0.535
Morocco,2020,4.803,8.929,0.553
Morocco,2021,5.326,8.994,0.505
Morocco,2022,4.596,8.996,0.564
Mozambique,2006,4.595,6.792,0.879
Mozambique,2007,4.833,6.84,0.748
Mozambique,2008,4.654,6.885,0.756
Mozambique,2011,4.971,6.996,0.818
Mozambique,2015,4.55,7.148,0.666
Mozambique,2017,4.28,7.16,0.678
Mozambique,2018,4.654,7.165,0.738
Mozambique,2019,4.932,7.159,0.742
Mozambique,2021,5.178,7.112,0.664
Mozambique,2022,4.74,7.12,0.711
Myanmar,2012,4.439,8.067,0.612
Myanmar,2013,4.176,8.134,0.757
Myanmar,2014,4.786,8.205,0.774
Myanmar,2015,4.224,8.229,0.752
Myanmar,2016,4.623,8.321,0.793
Myanmar,2017,4.154,8.369,0.795
Myanmar,2018,4.411,8.424,0.774
Myanmar,2019,4.434,8.483,0.763
Myanmar,2020,4.431,8.507,0.796
Myanmar,2021,4.314,8.302,0.78
Namibia,2007,4.886,9.073,0.828
Namibia,2014,4.574,9.264,0.763
Namibia,2017,4.441,9.243,0.828
Namibia,2018,4.834,9.237,0.864
Namibia,2019,4.436,9.211,0.845
Namibia,2020,4.451,9.11,0.741
Namibia,2021,4.491,9.12,0.808
Namibia,2022,4.949,9.132,0.808
Nepal,2006,4.567,7.734,0.874
Nepal,2007,4.748,7.761,0.787
Nepal,2008,4.441,7.814,0.818
Nepal,2009,4.917,7.853,0.813
Nepal,2010,4.35,7.895,0.779
Nepal,2011,3.809,7.924,0.741
Nepal,2012,4.233,7.968,0.734
Nepal,2013,4.605,8.0,0.74
Nepal,2014,4.975,8.056,0.786
Nepal,2015,4.812,8.089,0.748
Nepal,2016,5.1,8.085,0.837
Nepal,2017,4.737,8.159,0.816
Nepal,2018,4.91,8.221,0.768
Nepal,2019,5.449,8.274,0.772
Nepal,2020,5.982,8.233,0.787
Nepal,2021,4.622,8.251,0.699
Nepal,2022,5.474,8.285,0.753
Netherlands,2005,7.464,10.809,0.947
Netherlands,2007,7.452,10.876,0.944
Netherlands,2008,7.631,10.894,0.944
Netherlands,2010,7.502,10.86,0.957
Netherlands,2011,7.564,10.87,0.938
Netherlands,2012,7.471,10.856,0.939
Netherlands,2013,7.407,10.852,0.925
Netherlands,2014,7.321,10.863,0.909
Netherlands,2015,7.324,10.878,0.879
Netherlands,2016,7.541,10.894,0.926
Netherlands,2017,7.459,10.917,0.937
Netherlands,2018,7.463,10.934,0.939
Netherlands,2019,7.425,10.947,0.941
Netherlands,2020,7.504,10.902,0.944
Netherlands,2021,7.314,10.944,0.919
Netherlands,2022,7.39,10.981,0.929
New Zealand,2006,7.305,10.541,0.946
New Zealand,2007,7.604,10.561,0.967
New Zealand,2008,7.381,10.542,0.944
New Zealand,2010,7.224,10.534,0.976
New Zealand,2011,7.191,10.549,0.954
New Zealand,2012,7.25,10.566,0.93
New Zealand,2013,7.28,10.585,0.958
New Zealand,2014,7.306,10.605,0.942
New Zealand,2015,7.418,10.622,0.987
New Zealand,2016,7.226,10.636,0.937
New Zealand,2017,7.327,10.651,0.955
New Zealand,2018,7.37,10.666,0.954
New Zealand,2019,7.205,10.672,0.939
New Zealand,2020,7.257,10.637,0.952
New Zealand,2021,7.137,10.667,0.95
New Zealand,2022,6.975,10.682,0.956
Nicaragua,2006,4.46,8.395,0.877
Nicaragua,2007,4.944,8.431,0.866
Nicaragua,2008,5.104,8.45,0.857
Nicaragua,2009,5.353,8.402,0.835
Nicaragua,2010,5.687,8.431,0.863
Nicaragua,2011,5.386,8.477,0.8
Nicaragua,2012,5.448,8.526,0.894
Nicaragua,2013,5.772,8.559,0.868
Nicaragua,2014,6.275,8.591,0.839
Nicaragua,2015,5.924,8.624,0.827
Nicaragua,2016,6.013,8.654,0.853
Nicaragua,2017,6.476,8.685,0.838
Nicaragua,2018,5.819,8.637,0.854
Nicaragua,2019,6.113,8.585,0.874
Nicaragua,2020,6.287,8.553,0.856
Nicaragua,2021,6.095,8.637,0.848
Nicaragua,2022,6.392,8.664,0.844
Niger,2006,3.737,6.872,0.677
Niger,2007,4.277,6.867,0.726
Niger,2008,4.236,6.905,0.607
Niger,2009,4.267,6.887,0.771
Niger,2010,4.101,6.932,0.655
Niger,2011,4.556,6.918,0.818
Niger,2012,3.798,6.98,0.7
Niger,2013,3.716,6.994,0.696
Niger,2014,4.181,7.02,0.753
Niger,2015,3.671,7.025,0.713
Niger,2016,4.235,7.042,0.683
Niger,2017,4.616,7.053,0.582
Niger,2018,5.164,7.084,0.612
Niger,2019,5.004,7.105,0.677
Niger,2022,4.501,7.091,0.587
Nigeria,2006,4.71,8.314,0.735
Nigeria,2007,4.89,8.35,0.718
Nigeria,2008,4.939,8.389,0.78
Nigeria,2009,4.98,8.439,0.722
Nigeria,2010,4.76,8.488,0.824
Nigeria,2012,5.493,8.526,0.818
Nigeria,2013,4.818,8.564,0.663
Nigeria,2015,4.933,8.6,0.812
Nigeria,2016,5.22,8.558,0.805
Nigeria,2017,5.322,8.541,0.733
Nigeria,2018,5.252,8.535,0.741
Nigeria,2019,4.266,8.532,0.735
Nigeria,2020,5.503,8.49,0.739
Nigeria,2021,4.479,8.502,0.742
North Macedonia,2007,4.494,9.435,0.811
North Macedonia,2009,4.428,9.481,0.734
North Macedonia,2010,4.18,9.512,0.687
North Macedonia,2011,4.898,9.533,0.784
North Macedonia,2012,4.64,9.527,0.798
North Macedonia,2013,5.186,9.555,0.832
North Macedonia,2014,5.204,9.589,0.793
North Macedonia,2015,4.976,9.625,0.766
North Macedonia,2016,5.346,9.652,0.871
North Macedonia,2017,5.234,9.662,0.8
North Macedonia,2018,5.24,9.69,0.849
North Macedonia,2019,5.015,9.728,0.815
North Macedonia,2020,5.054,9.667,0.75
North Macedonia,2021,5.535,9.709,0.809
North Macedonia,2022,5.167,9.733,0.85
Norway,2006,7.416,11.048,0.959
Norway,2008,7.632,11.06,0.936
Norway,2012,7.678,11.035,0.948
Norway,2014,7.444,11.041,0.941
Norway,2015,7.603,11.051,0.947
Norway,2016,7.596,11.053,0.96
Norway,2017,7.579,11.067,0.95
Norway,2018,7.444,11.072,0.966
Norway,2019,7.442,11.073,0.942
Norway,2020,7.29,11.06,0.956
Norway,2021,7.362,11.092,0.948
Norway,2022,7.295,11.111,0.927
Pakistan,2005,5.225,8.252,0.591
Pakistan,2007,5.671,8.314,0.479
Pakistan,2008,4.414,8.309,0.373
Pakistan,2009,5.208,8.315,0.522
Pakistan,2010,5.786,8.308,0.571
Pakistan,2011,5.267,8.314,0.51
Pakistan,2012,5.132,8.331,0.542
Pakistan,2013,5.138,8.359,0.607
Pakistan,2014,5.436,8.39,0.552
Pakistan,2015,4.823,8.423,0.562
Pakistan,2016,5.549,8.465,0.627
Pakistan,2017,5.831,8.495,0.69
Pakistan,2018,5.472,8.54,0.685
Pakistan,2019,4.443,8.548,0.617
Pakistan,2020,4.624,8.518,0.594
Pakistan,2021,4.487,8.563,0.608
Panama,2006,6.128,9.771,0.951
Panama,2007,6.894,9.865,0.937
Panama,2008,6.931,9.941,0.922
Panama,2009,7.034,9.935,0.905
Panama,2010,7.321,9.974,0.928
Panama,2011,7.248,10.063,0.876
Panama,2012,6.86,10.139,0.897
Panama,2013,6.866,10.188,0.896
Panama,2014,6.631,10.22,0.873
Panama,2015,6.606,10.258,0.883
Panama,2016,6.118,10.289,0.882
Panama,2017,6.568,10.326,0.912
Panama,2018,6.281,10.346,0.904
Panama,2019,6.086,10.359,0.886
Panama,2021,6.553,10.276,0.899
Panama,2022,5.979,10.333,0.891
Paraguay,2006,4.73,9.154,0.895
Paraguay,2007,5.272,9.197,0.863
Paraguay,2008,5.57,9.25,0.889
Paraguay,2009,5.576,9.237,0.9
Paraguay,2010,5.841,9.331,0.889
Paraguay,2011,5.677,9.36,0.869
Paraguay,2012,5.82,9.339,0.931
Paraguay,2013,5.936,9.405,0.939
Paraguay,2014,5.119,9.443,0.959
Paraguay,2015,5.56,9.458,0.914
Paraguay,2016,5.801,9.485,0.94
Paraguay,2017,5.713,9.518,0.902
Paraguay,2019,5.653,9.519,0.892
Paraguay,2020,5.501,9.497,0.907
Paraguay,2021,5.576,9.524,0.908
Paraguay,2022,6.138,9.508,0.899
Peru,2006,4.811,8.979,0.875
Peru,2007,5.214,9.054,0.756
Peru,2008,5.129,9.134,0.777
Peru,2009,5.519,9.138,0.799
Peru,2010,5.613,9.21,0.812
Peru,2011,5.892,9.263,0.756
Peru,2012,5.825,9.313,0.764
Peru,2013,5.783,9.361,0.797
Peru,2014,5.866,9.374,0.819
Peru,2015,5.577,9.394,0.798
Peru,2016,5.701,9.419,0.803
Peru,2017,5.711,9.429,0.83
Peru,2018,5.68,9.449,0.845
Peru,2019,5.999,9.452,0.809
Peru,2020,4.994,9.322,0.749
Peru,2021,5.694,9.435,0.819
Peru,2022,5.892,9.449,0.823
Philippines,2006,4.67,8.562,0.795
Philippines,2007,5.074,8.606,0.801
Philippines,2008,4.589,8.63,0.798
Philippines,2009,4.88,8.626,0.775
Philippines,2010,4.942,8.679,0.805
Philippines,2011,4.994,8.699,0.789
Philippines,2012,5.002,8.748,0.813
Philippines,2013,4.977,8.796,0.846
Philippines,2014,5.313,8.842,0.813
Philippines,2015,5.547,8.887,0.854
Philippines,2016,5.431,8.938,0.821
Philippines,2017,5.594,8.987,0.851
Philippines,2018,5.869,9.032,0.846
Philippines,2019,6.268,9.075,0.845
Philippines,2020,5.08,8.958,0.781
Philippines,2021,5.965,8.999,0.778
Poland,2005,5.587,9.844,0.922
Poland,2007,5.886,9.973,0.913
Poland,2009,5.772,10.041,0.917
Poland,2010,5.887,10.073,0.955
Poland,2011,5.646,10.122,0.905
Poland,2012,5.876,10.137,0.936
Poland,2013,5.746,10.146,0.912
Poland,2014,5.75,10.184,0.924
Poland,2015,6.007,10.228,0.893
Poland,2016,6.162,10.258,0.917
Poland,2017,6.201,10.308,0.882
Poland,2018,6.111,10.365,0.863
Poland,2019,6.242,10.409,0.878
Poland,2020,6.139,10.39,0.953
Poland,2021,5.978,10.461,0.936
Poland,2022,6.666,10.509,0.886
Portugal,2006,5.405,10.359,0.905
Portugal,2008,5.717,10.383,0.886
Portugal,2010,5.095,10.367,0.864
Portugal,2011,5.22,10.352,0.856
Portugal,2012,4.994,10.314,0.866
Portugal,2013,5.158,10.31,0.867
Portugal,2014,5.127,10.324,0.862
Portugal,2015,5.081,10.346,0.866
Portugal,2016,5.447,10.369,0.905
Portugal,2017,5.711,10.406,0.9
Portugal,2018,5.92,10.435,0.887
Portugal,2019,6.095,10.462,0.876
Portugal,2020,5.768,10.374,0.875
Portugal,2021,6.183,10.424,0.895
Portugal,2022,5.953,10.487,0.862
Qatar,2009,6.418,11.434,0.894
Qatar,2011,6.592,11.625,0.857
Qatar,2012,6.611,11.617,0.838
Romania,2005,5.049,9.733,0.838
Romania,2007,5.394,9.901,0.736
Romania,2009,5.368,9.958,0.812
Romania,2010,4.909,9.924,0.689
Romania,2011,5.023,9.973,0.753
Romania,2012,5.167,9.997,0.74
Romania,2013,5.082,10.003,0.778
Romania,2014,5.727,10.047,0.753
Romania,2015,5.777,10.083,0.787
Romania,2016,5.969,10.117,0.809
Romania,2017,6.09,10.202,0.811
Romania,2018,6.151,10.266,0.818
Romania,2019,6.13,10.309,0.842
Romania,2020,6.785,10.277,0.869
Romania,2021,6.549,10.335,0.835
Romania,2022,6.437,10.404,0.83
Russia,2006,4.964,9.988,0.895
Russia,2007,5.223,10.071,0.885
Russia,2008,5.619,10.122,0.882
Russia,2009,5.158,10.041,0.908
Russia,2010,5.385,10.084,0.909
Russia,2011,5.389,10.126,0.883
Russia,2012,5.621,10.163,0.901
Russia,2013,5.537,10.179,0.881
Russia,2014,6.037,10.168,0.932
Russia,2015,5.996,10.146,0.924
Russia,2016,5.855,10.146,0.911
Russia,2017,5.579,10.163,0.896
Russia,2018,5.514,10.191,0.909
Russia,2019,5.441,10.213,0.91
Russia,2020,5.495,10.188,0.887
Russia,2021,5.448,10.239,0.862
Russia,2022,6.044,10.203,0.92
Rwanda,2006,4.215,7.087,0.718
Rwanda,2008,4.363,7.213,0.486
Rwanda,2009,4.03,7.247,0.559
Rwanda,2011,4.097,7.342,0.57
Rwanda,2012,3.333,7.401,0.637
Rwanda,2013,3.466,7.423,0.75
Rwanda,2014,3.596,7.459,0.748
Rwanda,2015,3.483,7.52,0.678
Rwanda,2016,3.333,7.554,0.665
Rwanda,2017,3.108,7.568,0.517
Rwanda,2018,3.561,7.626,0.616
Rwanda,2019,3.268,7.692,0.489
Saudi Arabia,2005,7.08,10.675,0.868
Saudi Arabia,2007,7.267,10.642,0.892
Saudi Arabia,2008,6.811,10.664,0.823
Saudi Arabia,2009,6.148,10.606,0.921
Saudi Arabia,2010,6.307,10.623,0.88
Saudi Arabia,2011,6.7,10.693,0.83
Saudi Arabia,2012,6.396,10.724,0.867
Saudi Arabia,2013,6.495,10.729,0.827
Saudi Arabia,2014,6.278,10.745,0.818
Saudi Arabia,2015,6.345,10.766,0.82
Saudi Arabia,2016,6.474,10.762,0.89
Saudi Arabia,2017,6.294,10.732,0.84
Saudi Arabia,2018,6.356,10.733,0.868
Saudi Arabia,2019,6.561,10.713,0.912
Saudi Arabia,2020,6.56,10.666,0.89
Saudi Arabia,2021,6.445,10.7,0.859
Saudi Arabia,2022,6.382,10.781,0.9
Senegal,2006,4.417,7.93,0.76
Senegal,2007,4.68,7.931,0.718
Senegal,2008,4.683,7.941,0.756
Senegal,2009,4.335,7.942,0.81
Senegal,2010,4.372,7.948,0.76
Senegal,2011,3.834,7.934,0.602
Senegal,2012,3.669,7.946,0.711
Senegal,2013,3.647,7.943,0.823
Senegal,2014,4.395,7.976,0.856
Senegal,2015,4.617,8.01,0.702
Senegal,2016,4.595,8.045,0.839
Senegal,2017,4.683,8.089,0.744
Senegal,2018,4.769,8.122,0.739
Senegal,2019,5.489,8.14,0.688
Senegal,2020,4.757,8.127,0.621
Senegal,2021,4.903,8.159,0.645
Senegal,2022,4.907,8.18,0.609
Serbia,2007,4.75,9.536,0.844
Serbia,2009,4.38,9.572,0.77
Serbia,2010,4.461,9.583,0.726
Serbia,2011,4.815,9.611,0.773
Serbia,2012,5.155,9.609,0.819
Serbia,2013,5.102,9.642,0.828
Serbia,2014,5.113,9.631,0.783
Serbia,2015,5.318,9.654,0.816
Serbia,2016,5.753,9.692,0.895
Serbia,2017,5.122,9.718,0.884
Serbia,2018,5.936,9.767,0.853
Serbia,2019,6.241,9.815,0.903
Serbia,2020,6.042,9.813,0.852
Serbia,2021,6.245,9.895,0.89
Sierra Leone,2006,3.628,7.134,0.561
Sierra Leone,2007,3.585,7.19,0.686
Sierra Leone,2008,2.997,7.217,0.591
Sierra Leone,2010,4.134,7.245,0.812
Sierra Leone,2011,4.502,7.28,0.782
Sierra Leone,2013,4.514,7.557,0.708
Sierra Leone,2014,4.5,7.577,0.869
Sierra Leone,2015,4.909,7.322,0.611
Sierra Leone,2016,4.733,7.357,0.657
Sierra Leone,2017,4.09,7.374,0.652
Sierra Leone,2018,4.306,7.384,0.65
Sierra Leone,2019,3.447,7.412,0.611
Sierra Leone,2021,3.714,7.387,0.609
Sierra Leone,2022,2.56,7.401,0.502
Singapore,2006,6.463,11.167,0.904
Singapore,2007,6.834,11.212,0.921
Singapore,2008,6.642,11.177,0.845
Singapore,2009,6.145,11.148,0.866
Singapore,2010,6.531,11.266,0.864
Singapore,2011,6.561,11.305,0.904
Singapore,2013,6.533,11.355,0.808
Singapore,2014,7.062,11.381,0.822
Singapore,2015,6.62,11.398,0.866
Singapore,2016,6.033,11.42,0.925
Singapore,2017,6.378,11.465,0.897
Singapore,2018,6.375,11.496,0.903
Singapore,2019,6.378,11.496,0.925
Singapore,2021,6.587,11.571,0.876
Slovakia,2006,5.265,9.986,0.954
Slovakia,2010,6.052,10.149,0.92
Slovakia,2011,5.945,10.174,0.917
Slovakia,2012,5.911,10.185,0.926
Slovakia,2013,5.937,10.191,0.909
Slovakia,2014,6.139,10.216,0.924
Slovakia,2015,6.162,10.266,0.943
Slovakia,2016,5.993,10.284,0.945
Slovakia,2017,6.366,10.311,0.913
Slovakia,2018,6.235,10.349,0.922
Slovakia,2019,6.243,10.373,0.933
Slovakia,2020,6.519,10.337,0.954
Slovakia,2021,6.419,10.369,0.951
Slovenia,2006,5.811,10.399,0.936
Slovenia,2009,5.83,10.406,0.919
Slovenia,2010,6.083,10.415,0.917
Slovenia,2011,6.036,10.421,0.931
Slovenia,2012,6.063,10.392,0.925
Slovenia,2013,5.975,10.381,0.932
Slovenia,2014,5.678,10.407,0.908
Slovenia,2015,5.741,10.428,0.901
Slovenia,2016,5.937,10.459,0.934
Slovenia,2017,6.167,10.505,0.928
Slovenia,2018,6.249,10.545,0.941
Slovenia,2019,6.665,10.572,0.949
Slovenia,2020,6.462,10.521,0.953
Slovenia,2021,6.761,10.598,0.955
Slovenia,2022,6.723,10.644,0.942
Somalia,2014,5.528,6.83,0.611
Somalia,2015,5.354,6.937,0.599
Somalia,2016,4.668,6.981,0.594
South Africa,2006,5.084,9.455,0.913
South Africa,2007,5.204,9.497,0.788
South Africa,2008,5.346,9.518,0.81
South Africa,2009,5.218,9.49,0.877
South Africa,2010,4.652,9.508,0.917
South Africa,2011,4.931,9.527,0.858
South Africa,2012,5.134,9.537,0.907
South Africa,2013,3.661,9.548,0.839
South Africa,2014,4.828,9.546,0.881
South Africa,2015,4.887,9.539,0.898
South Africa,2016,4.77,9.536,0.875
South Africa,2017,4.514,9.543,0.87
South Africa,2018,4.884,9.546,0.841
South Africa,2019,5.035,9.536,0.848
South Africa,2020,4.947,9.458,0.891
South Africa,2021,5.599,9.496,0.922
South Korea,2006,5.332,10.309,0.775
South Korea,2007,5.767,10.36,0.827
South Korea,2008,5.39,10.382,0.754
South Korea,2009,5.648,10.385,0.811
South Korea,2010,6.116,10.446,0.816
South Korea,2011,6.947,10.474,0.809
South Korea,2012,6.003,10.493,0.775
South Korea,2013,5.959,10.519,0.797
South Korea,2014,5.801,10.544,0.738
South Korea,2015,5.78,10.567,0.768
South Korea,2016,5.971,10.592,0.811
South Korea,2017,5.874,10.62,0.807
South Korea,2018,5.84,10.645,0.798
South Korea,2019,5.903,10.663,0.783
South Korea,2020,5.793,10.655,0.808
South Korea,2021,6.113,10.697,0.811
South Korea,2022,5.95,10.726,0.81
Spain,2005,7.153,10.544,0.961
Spain,2007,6.995,10.584,0.957
Spain,2008,7.294,10.577,0.948
Spain,2009,6.199,10.53,0.929
Spain,2010,6.188,10.527,0.95
Spain,2011,6.518,10.515,0.944
Spain,2012,6.291,10.484,0.937
Spain,2013,6.15,10.473,0.929
Spain,2014,6.456,10.49,0.948
Spain,2015,6.381,10.529,0.956
Spain,2016,6.319,10.558,0.942
Spain,2017,6.23,10.585,0.903
Spain,2018,6.513,10.603,0.91
Spain,2019,6.457,10.615,0.949
Spain,2020,6.502,10.49,0.935
Spain,2021,6.47,10.543,0.926
Spain,2022,6.337,10.587,0.934
Sri Lanka,2006,4.345,8.946,0.864
Sri Lanka,2007,4.415,9.004,0.838
Sri Lanka,2008,4.431,9.055,0.816
Sri Lanka,2009,4.212,9.083,0.83
Sri Lanka,2010,3.977,9.153,0.814
Sri Lanka,2011,4.181,9.229,0.842
Sri Lanka,2012,4.225,9.311,0.824
Sri Lanka,2013,4.365,9.343,0.809
Sri Lanka,2014,4.268,9.395,0.805
Sri Lanka,2015,4.612,9.427,0.863
Sri Lanka,2017,4.331,9.517,0.823
Sri Lanka,2018,4.435,9.529,0.833
Sri Lanka,2019,4.213,9.521,0.815
Sri Lanka,2020,4.778,9.48,0.842
Sri Lanka,2021,4.103,9.502,0.812
State of Palestine,2006,4.716,8.201,0.818
State of Palestine,2007,4.151,8.181,0.712
State of Palestine,2008,4.386,8.275,0.666
State of Palestine,2009,4.47,8.337,0.738
State of Palestine,2010,4.703,8.363,0.822
State of Palestine,2011,4.751,8.452,0.751
State of Palestine,2012,4.647,8.598,0.782
State of Palestine,2013,4.844,8.595,0.761
State of Palestine,2014,4.722,8.618,0.775
State of Palestine,2015,4.695,8.683,0.766
State of Palestine,2016,4.907,8.738,0.818
State of Palestine,2017,4.628,8.734,0.824
State of Palestine,2018,4.554,8.718,0.819
State of Palestine,2019,4.483,8.716,0.833
Sudan,2009,4.455,8.457,0.911
Sudan,2010,4.435,8.465,0.855
Sudan,2011,4.314,8.527,0.818
Sudan,2012,4.55,8.458,0.813
Sudan,2014,4.139,8.471,0.811
Suriname,2012,6.269,9.874,0.797
Sweden,2005,7.376,10.724,0.951
Sweden,2007,7.241,10.791,0.917
Sweden,2008,7.516,10.778,0.923
Sweden,2009,7.266,10.725,0.903
Sweden,2010,7.496,10.775,0.97
Sweden,2011,7.382,10.799,0.921
Sweden,2012,7.56,10.785,0.929
Sweden,2013,7.434,10.789,0.916
Sweden,2014,7.239,10.805,0.933
Sweden,2015,7.289,10.838,0.929
Sweden,2016,7.369,10.846,0.912
Sweden,2017,7.287,10.858,0.914
Sweden,2018,7.375,10.866,0.931
Sweden,2019,7.398,10.875,0.934
Sweden,2020,7.314,10.846,0.936
Sweden,2021,7.439,10.89,0.932
Sweden,2022,7.431,10.913,0.949
Switzerland,2006,7.473,11.069,0.951
Switzerland,2009,7.525,11.078,0.938
Switzerland,2012,7.776,11.107,0.947
Switzerland,2014,7.493,11.125,0.959
Switzerland,2015,7.572,11.13,0.938
Switzerland,2016,7.459,11.139,0.928
Switzerland,2017,7.474,11.143,0.95
Switzerland,2018,7.509,11.164,0.93
Switzerland,2019,7.694,11.168,0.949
Switzerland,2020,7.508,11.137,0.946
Switzerland,2021,7.328,11.171,0.934
Switzerland,2022,6.884,11.184,0.881
Syria,2008,5.323,8.658,0.712
Syria,2009,4.979,8.656,0.842
Syria,2010,4.465,8.733,0.934
Syria,2011,4.038,8.735,0.576
Syria,2012,3.164,8.578,0.588
Syria,2013,2.688,8.419,0.585
Syria,2015,3.462,8.492,0.464
Taiwan Province of China,2006,6.189,10.602,0.882
Taiwan Province of China,2008,5.548,10.6,0.83
Taiwan Province of China,2010,6.229,10.681,0.831
Taiwan Province of China,2011,6.309,10.693,0.863
Taiwan Province of China,2012,6.126,10.718,0.825
Taiwan Province of China,2013,6.34,10.724,0.817
Taiwan Province of China,2014,6.363,10.749,0.87
Taiwan Province of China,2015,6.45,10.779,0.885
Taiwan Province of China,2016,6.513,10.768,0.895
Taiwan Province of China,2017,6.359,10.774,0.891
Taiwan Province of China,2018,6.467,10.781,0.896
Taiwan Province of China,2019,6.537,10.797,0.893
Tajikistan,2006,4.613,7.591,0.724
Tajikistan,2007,4.432,7.648,0.727
Tajikistan,2008,5.064,7.705,0.701
Tajikistan,2009,4.575,7.724,0.676
Tajikistan,2010,4.381,7.766,0.759
Tajikistan,2011,4.263,7.817,0.751
Tajikistan,2012,4.497,7.867,0.729
Tajikistan,2013,4.967,7.916,0.701
Tajikistan,2014,4.896,7.958,0.81
Tajikistan,2015,5.124,7.993,0.844
Tajikistan,2016,5.104,8.036,0.857
Tajikistan,2017,5.829,8.082,0.663
Tajikistan,2018,5.497,8.133,0.875
Tajikistan,2019,5.464,8.182,0.88
Tajikistan,2020,5.373,8.203,0.79
Tajikistan,2021,5.287,8.27,0.883
Tanzania,2006,3.922,7.46,0.783
Tanzania,2007,4.318,7.497,0.708
Tanzania,2008,4.385,7.525,0.774
Tanzania,2009,3.408,7.552,0.837
Tanzania,2010,3.229,7.587,0.813
Tanzania,2011,4.074,7.633,0.883
Tanzania,2012,4.007,7.648,0.832
Tanzania,2013,3.852,7.683,0.803
Tanzania,2014,3.483,7.717,0.789
Tanzania,2015,3.661,7.744,0.79
Tanzania,2016,2.903,7.775,0.638
Tanzania,2017,3.347,7.807,0.705
Tanzania,2018,3.445,7.828,0.675
Tanzania,2019,3.64,7.855,0.687
Tanzania,2020,3.786,7.844,0.74
Tanzania,2021,3.681,7.856,0.619
Tanzania,2022,3.616,7.872,0.6
Thailand,2006,5.885,9.452,0.894
Thailand,2007,5.784,9.498,0.889
Thailand,2008,5.636,9.507,0.832
Thailand,2009,5.476,9.493,0.893
Thailand,2010,6.217,9.559,0.898
Thailand,2011,6.664,9.561,0.884
Thailand,2012,6.3,9.624,0.906
Thailand,2013,6.231,9.645,0.926
Thailand,2014,6.985,9.649,0.933
Thailand,2015,6.202,9.675,0.866
Thailand,2016,6.074,9.705,0.908
Thailand,2017,5.939,9.741,0.877
Thailand,2018,6.012,9.78,0.873
Thailand,2019,6.022,9.798,0.903
Thailand,2020,5.885,9.732,0.867
Thailand,2021,5.638,9.745,0.883
Thailand,2022,6.007,9.777,0.867
Togo,2006,3.202,7.342,0.435
Togo,2008,2.808,7.312,0.291
Togo,2011,2.936,7.406,0.303
Togo,2014,2.839,7.509,0.444
Togo,2015,3.768,7.54,0.479
Togo,2016,3.879,7.569,0.509
Togo,2017,4.361,7.587,0.508
Togo,2018,4.023,7.611,0.596
Togo,2019,4.179,7.64,0.539
Togo,2021,4.037,7.661,0.603
Togo,2022,4.239,7.685,0.579
Trinidad and Tobago,2006,5.832,10.172,0.887
Trinidad and Tobago,2008,6.696,10.24,0.858
Trinidad and Tobago,2011,6.519,10.206,0.863
Trinidad and Tobago,2013,6.168,10.293,0.883
Trinidad and Tobago,2017,6.192,10.174,0.916
Tunisia,2010,5.131,9.257,0.863
Tunisia,2011,4.876,9.224,0.715
Tunisia,2012,4.464,9.252,0.614
Tunisia,2013,5.246,9.265,0.648
Tunisia,2014,4.764,9.284,0.68
Tunisia,2015,5.132,9.283,0.609
Tunisia,2016,4.521,9.283,0.702
Tunisia,2017,4.124,9.294,0.717
Tunisia,2018,4.741,9.31,0.733
Tunisia,2019,4.315,9.315,0.61
Tunisia,2020,4.731,9.215,0.719
Tunisia,2021,4.499,9.249,0.711
Tunisia,2022,4.261,9.266,0.755
Turkiye,2005,4.719,9.8,0.82
Turkiye,2007,5.623,9.891,0.792
Turkiye,2008,5.118,9.887,0.645
Turkiye,2009,5.213,9.825,0.755
Turkiye,2010,5.49,9.893,0.795
Turkiye,2011,5.272,9.986,0.692
Turkiye,2012,5.309,10.018,0.739
Turkiye,2013,4.888,10.082,0.795
Turkiye,2014,5.58,10.111,0.863
Turkiye,2015,5.514,10.15,0.851
Turkiye,2016,5.326,10.166,0.88
Turkiye,2017,5.607,10.225,0.876
Turkiye,2018,5.186,10.246,0.847
Turkiye,2019,4.872,10.245,0.792
Turkiye,2020,4.862,10.257,0.857
Turkiye,2021,4.367,10.357,0.736
Turkmenistan,2009,6.568,8.955,0.924
Turkmenistan,2011,5.792,9.146,0.964
Turkmenistan,2012,5.464,9.233,0.946
Turkmenistan,2013,5.392,9.312,0.846
Turkmenistan,2014,5.787,9.392,0.909
Turkmenistan,2015,5.791,9.437,0.96
Turkmenistan,2016,5.887,9.479,0.929
Turkmenistan,2017,5.229,9.525,0.908
Turkmenistan,2018,4.621,9.569,0.984
Turkmenistan,2019,5.474,9.615,0.982
Uganda,2006,3.734,7.37,0.76
Uganda,2007,4.456,7.422,0.845
Uganda,2008,4.569,7.476,0.813
Uganda,2009,4.612,7.513,0.852
Uganda,2010,4.193,7.538,0.83
Uganda,2011,4.826,7.599,0.882
Uganda,2012,4.309,7.608,0.885
Uganda,2013,3.71,7.614,0.878
Uganda,2014,3.77,7.634,0.821
Uganda,2015,4.238,7.654,0.747
Uganda,2016,4.233,7.667,0.754
Uganda,2017,4.001,7.663,0.74
Uganda,2018,4.322,7.69,0.74
Uganda,2019,4.948,7.719,0.805
Uganda,2020,4.641,7.714,0.8
Uganda,2021,4.225,7.717,0.793
Ukraine,2006,4.804,9.414,0.852
Ukraine,2007,5.252,9.499,0.82
Ukraine,2008,5.172,9.527,0.86
Ukraine,2009,5.166,9.367,0.845
Ukraine,2010,5.058,9.411,0.884
Ukraine,2011,5.083,9.468,0.859
Ukraine,2012,5.03,9.472,0.898
Ukraine,2013,4.711,9.474,0.897
Ukraine,2014,4.297,9.424,0.877
Ukraine,2015,3.965,9.325,0.909
Ukraine,2016,4.029,9.353,0.885
Ukraine,2017,4.311,9.381,0.858
Ukraine,2018,4.662,9.42,0.901
Ukraine,2019,4.702,9.458,0.883
Ukraine,2020,5.27,9.426,0.885
Ukraine,2021,5.311,9.468,0.879
Ukraine,2022,4.637,9.049,0.863
United Arab Emirates,2006,6.734,11.433,0.903
United Arab Emirates,2009,6.866,10.952,0.885
United Arab Emirates,2010,7.097,10.909,0.912
United Arab Emirates,2011,7.119,10.965,0.881
United Arab Emirates,2012,7.218,11.001,0.856
United Arab Emirates,2013,6.621,11.041,0.864
United Arab Emirates,2015,6.568,11.128,0.824
United Arab Emirates,2016,6.831,11.174,0.849
United Arab Emirates,2017,7.039,11.173,0.836
United Arab Emirates,2018,6.604,11.178,0.851
United Arab Emirates,2019,6.711,11.181,0.862
United Arab Emirates,2020,6.458,11.122,0.827
United Arab Emirates,2021,6.733,11.152,0.826
United Arab Emirates,2022,6.738,11.202,0.798
United Kingdom,2005,6.984,10.667,0.979
United Kingdom,2007,6.802,10.699,0.97
United Kingdom,2008,6.986,10.689,0.954
United Kingdom,2009,6.907,10.636,0.964
United Kingdom,2010,7.029,10.652,0.955
United Kingdom,2011,6.869,10.655,0.949
United Kingdom,2012,6.881,10.662,0.935
United Kingdom,2013,6.918,10.673,0.937
United Kingdom,2014,6.758,10.698,0.91
United Kingdom,2015,6.515,10.713,0.936
United Kingdom,2016,6.824,10.727,0.954
United Kingdom,2017,7.103,10.744,0.937
United Kingdom,2018,7.233,10.755,0.928
United Kingdom,2019,7.157,10.766,0.943
United Kingdom,2020,6.798,10.645,0.929
United Kingdom,2021,6.867,10.714,0.854
United Kingdom,2022,6.722,10.754,0.863
United States,2006,7.182,10.921,0.965
United States,2008,7.28,10.923,0.953
United States,2009,7.158,10.888,0.912
United States,2010,7.164,10.906,0.926
United States,2011,7.115,10.914,0.922
United States,2012,7.026,10.93,0.903
United States,2013,7.249,10.941,0.925
United States,2014,7.151,10.956,0.902
United States,2015,6.864,10.976,0.904
United States,2016,6.804,10.985,0.897
United States,2017,6.992,11.001,0.921
United States,2018,6.883,11.024,0.904
United States,2019,6.944,11.043,0.917
United States,2020,7.028,11.005,0.937
United States,2021,6.959,11.061,0.92
United States,2022,6.693,11.079,0.9
Uruguay,2006,5.786,9.629,0.912
Uruguay,2007,5.694,9.691,0.875
Uruguay,2008,5.664,9.758,0.879
Uruguay,2009,6.296,9.797,0.924
Uruguay,2010,6.062,9.87,0.893
Uruguay,2011,6.554,9.917,0.891
Uruguay,2012,6.45,9.949,0.865
Uruguay,2013,6.444,9.991,0.917
Uruguay,2014,6.561,10.02,0.902
Uruguay,2015,6.628,10.021,0.891
Uruguay,2016,6.171,10.034,0.9
Uruguay,2017,6.336,10.048,0.914
Uruguay,2018,6.372,10.051,0.917
Uruguay,2019,6.6,10.054,0.933
Uruguay,2020,6.31,9.991,0.921
Uruguay,2021,6.502,10.035,0.914
Uruguay,2022,6.671,10.084,0.905
Uzbekistan,2006,5.232,8.256,0.903
Uzbekistan,2008,5.311,8.402,0.894
Uzbekistan,2009,5.261,8.463,0.905
Uzbekistan,2010,5.095,8.508,0.903
Uzbekistan,2011,5.739,8.554,0.924
Uzbekistan,2012,6.019,8.608,0.933
Uzbekistan,2013,5.94,8.662,0.963
Uzbekistan,2014,6.049,8.712,0.952
Uzbekistan,2015,5.972,8.764,0.968
Uzbekistan,2016,5.893,8.804,0.945
Uzbekistan,2017,6.421,8.831,0.942
Uzbekistan,2018,6.205,8.865,0.921
Uzbekistan,2019,6.154,8.902,0.915
Uzbekistan,2020,5.842,8.902,0.85
Uzbekistan,2021,6.185,8.953,0.896
Uzbekistan,2022,6.016,8.99,0.879
Venezuela,2005,7.17,9.316,0.955
Venezuela,2006,6.525,9.467,0.946
Venezuela,2008,6.258,9.719,0.922
Venezuela,2009,7.189,9.567,0.945
Venezuela,2010,7.478,9.748,0.932
Venezuela,2011,6.58,9.859,0.931
Venezuela,2012,7.067,9.862,0.932
Venezuela,2013,6.553,9.802,0.896
Venezuela,2014,6.136,9.366,0.904
Venezuela,2015,5.569,8.532,0.911
Venezuela,2016,4.041,7.602,0.902
Venezuela,2017,5.071,5.943,0.896
Venezuela,2018,5.006,5.935,0.887
Venezuela,2019,5.081,5.527,0.888
Vietnam,2006,5.294,8.554,0.888
Vietnam,2007,5.422,8.613,0.856
Vietnam,2008,5.48,8.658,0.805
Vietnam,2009,5.304,8.701,0.815
Vietnam,2010,5.296,8.752,0.787
Vietnam,2011,5.767,8.804,0.898
Vietnam,2012,5.535,8.847,0.775
Vietnam,2013,5.023,8.89,0.759
Vietnam,2014,5.085,8.941,0.792
Vietnam,2015,5.076,8.999,0.849
Vietnam,2016,5.062,9.053,0.876
Vietnam,2018,5.296,9.173,0.832
Vietnam,2019,5.467,9.235,0.848
Vietnam,2020,5.462,9.254,0.765
Vietnam,2021,5.54,9.271,0.799
Vietnam,2022,6.267,9.333,0.879
Yemen,2007,4.477,8.212,0.825
Yemen,2009,4.809,8.25,0.756
Yemen,2010,4.35,8.414,0.727
Yemen,2011,3.746,8.264,0.663
Yemen,2012,4.061,8.179,0.682
Yemen,2013,4.218,8.166,0.694
Yemen,2014,3.968,8.159,0.638
Yemen,2015,2.983,7.772,0.669
Yemen,2016,3.826,7.552,0.775
Yemen,2017,3.254,7.243,0.79
Yemen,2018,3.058,7.444,0.789
Yemen,2019,4.197,7.448,0.87
Zambia,2006,4.824,7.834,0.798
Zambia,2007,3.998,7.879,0.688
Zambia,2008,4.73,7.918,0.624
Zambia,2009,5.26,7.971,0.782
Zambia,2011,4.999,8.054,0.864
Zambia,2012,5.013,8.094,0.78
Zambia,2013,5.244,8.111,0.761
Zambia,2014,4.346,8.124,0.706
Zambia,2015,4.843,8.121,0.691
Zambia,2016,4.348,8.127,0.767
Zambia,2017,3.933,8.13,0.744
Zambia,2018,4.041,8.139,0.718
Zambia,2019,3.307,8.123,0.638
Zambia,2020,4.838,8.066,0.767
Zambia,2021,3.082,8.082,0.619
Zimbabwe,2006,3.826,7.46,0.822
Zimbabwe,2007,3.28,7.413,0.828
Zimbabwe,2008,3.174,7.21,0.843
Zimbabwe,2009,4.056,7.313,0.806
Zimbabwe,2010,4.682,7.495,0.857
Zimbabwe,2011,4.846,7.617,0.865
Zimbabwe,2012,4.955,7.745,0.896
Zimbabwe,2013,4.69,7.755,0.799
Zimbabwe,2014,4.184,7.748,0.766
Zimbabwe,2015,3.703,7.747,0.736
Zimbabwe,2016,3.735,7.735,0.768
Zimbabwe,2017,3.638,7.754,0.754
Zimbabwe,2018,3.616,7.783,0.775
Zimbabwe,2019,2.694,7.698,0.759
Zimbabwe,2020,3.16,7.596,0.717
Zimbabwe,2021,3.155,7.657,0.685
Zimbabwe,2022,3.296,7.67,0.666
